date,open,high,close,low,volume,price_change,p_change,ma5,ma10,ma20,v_ma5,v_ma10,v_ma20,turnover
2016-02-05,5.31,5.31,5.23,5.22,218590.11,-0.07,-1.32,5.208,5.204,5.463,250675.91,278211.45,303926.13,0.73
2016-02-04,5.22,5.33,5.3,5.18,307388.78,0.11,2.12,5.186,5.244,5.51,266913.39,279853.81,317896.01,1.03
2016-02-03,5.16,5.21,5.19,5.09,220655.66,-0.04,-0.77,5.11,5.267,5.547,256971.66,279272.26,308133.72,0.74
2016-02-02,5.09,5.26,5.23,5.06,266889.03,0.14,2.75,5.1,5.328,5.619,291416.99,289691.72,316622.26,0.89
2016-02-01,5.13,5.13,5.09,4.98,239855.95,-0.03,-0.59,5.084,5.39,5.681,314645.83,299188.53,328928.98,0.8
2016-01-29,4.98,5.17,5.12,4.94,299777.53,0.2,4.07,5.2,5.447,5.748,305747.0,302595.28,336135.67,1.0
2016-01-28,5.09,5.14,4.92,4.91,257680.12,-0.22,-4.28,5.302,5.494,5.848,292794.23,308177.11,334550.25,0.86
2016-01-27,5.22,5.24,5.14,4.92,392882.34,-0.01,-0.19,5.424,5.584,5.964,301572.86,318717.83,335841.94,1.32
2016-01-26,5.62,5.63,5.15,5.11,383033.19,-0.52,-9.17,5.556,5.638,6.066,287966.45,310314.82,329824.29,1.28
2016-01-25,5.7,5.77,5.67,5.62,195361.83,0.04,0.71,5.696,5.71,6.166,283731.23,300773.94,333749.06,0.65
2016-01-22,5.6,5.68,5.63,5.5,235013.66,0.1,1.81,5.694,5.721,6.25,299443.55,329640.8,338403.76,0.79
2016-01-21,5.74,5.83,5.53,5.52,301573.28,-0.27,-4.66,5.686,5.776,6.333,323559.99,355938.21,345280.07,1.01
2016-01-20,5.82,5.89,5.8,5.73,324850.28,-0.05,-0.85,5.744,5.826,6.427,335862.8,336995.19,365200.0,1.09
2016-01-19,5.65,5.86,5.85,5.6,361857.12,0.19,3.36,5.72,5.91,6.505,332663.18,343552.8,370938.12,1.21
2016-01-18,5.5,5.72,5.66,5.46,273923.41,0.07,1.25,5.724,5.972,6.581,317816.64,358669.43,378803.31,0.92
2016-01-15,5.82,5.89,5.59,5.55,355595.88,-0.23,-3.95,5.748,6.049,6.661,359838.06,369676.07,383339.96,1.19
2016-01-14,5.52,5.86,5.82,5.52,363087.31,0.14,2.46,5.866,6.202,6.748,388316.43,360923.4,389057.95,1.22
2016-01-13,5.92,5.95,5.68,5.68,308852.19,-0.19,-3.24,5.908,6.343,6.816,338127.57,352966.05,387183.21,1.03
2016-01-12,5.8,5.95,5.87,5.77,287624.41,0.09,1.56,6.1,6.494,6.892,354442.41,349333.76,392892.48,0.96
2016-01-11,6.04,6.19,5.78,5.75,484030.5,-0.4,-6.47,6.22,6.621,6.955,399522.22,366724.18,396109.11,1.62
2016-01-08,6.3,6.35,6.18,5.99,497987.75,0.15,2.49,6.35,6.779,7.013,379514.08,347166.72,390469.88,1.67
2016-01-07,6.51,6.53,6.03,6.0,112143.0,-0.61,-9.19,6.538,6.89,7.056,333530.36,334621.92,383506.35,0.38
2016-01-06,6.47,6.67,6.64,6.41,390426.41,0.17,2.63,6.778,7.027,7.11,367804.52,393404.81,397625.52,1.31
2016-01-05,6.22,6.55,6.47,6.16,513023.44,0.04,0.62,6.888,7.1,7.139,344225.11,398323.44,404671.4,1.72
2016-01-04,7.12,7.13,6.43,6.42,383989.78,-0.69,-9.69,7.022,7.189,7.181,333926.14,398937.19,399254.88,1.29
2015-12-31,7.23,7.25,7.12,7.11,268069.19,-0.11,-1.52,7.208,7.273,7.225,314819.36,397003.84,405770.7,0.9
2015-12-30,7.19,7.25,7.23,7.12,283513.78,0.04,0.56,7.242,7.293,7.241,335713.48,417192.5,415731.49,0.95
2015-12-29,7.14,7.19,7.19,7.07,272529.34,0.05,0.7,7.276,7.288,7.248,419005.1,421400.38,428746.84,0.91
2015-12-28,7.38,7.41,7.14,7.13,461528.62,-0.22,-2.99,7.312,7.289,7.26,452421.78,436451.19,447489.73,1.55
2015-12-25,7.34,7.41,7.36,7.31,288455.88,0.07,0.96,7.356,7.289,7.271,463948.24,425494.04,461194.52,0.97
2015-12-24,7.38,7.41,7.29,7.23,372539.78,-0.11,-1.49,7.338,7.246,7.265,479188.33,433773.05,500568.03,1.25
2015-12-23,7.36,7.51,7.4,7.34,699971.88,0.03,0.41,7.344,7.221,7.295,498671.53,432390.77,520501.54,2.34
2015-12-22,7.36,7.38,7.37,7.28,439612.75,0.01,0.14,7.3,7.192,7.327,423795.66,401846.23,523708.96,1.47
2015-12-21,7.24,7.39,7.36,7.23,519160.91,0.09,1.24,7.266,7.178,7.355,420480.6,411019.35,529847.39,1.74
2015-12-18,7.33,7.35,7.27,7.25,364656.31,-0.05,-0.68,7.222,7.173,7.378,387039.84,399572.57,551820.55,1.22
2015-12-17,7.25,7.34,7.32,7.21,469955.78,0.14,1.95,7.154,7.176,7.417,388357.77,414537.56,588777.28,1.57
2015-12-16,7.2,7.27,7.18,7.17,325592.53,-0.02,-0.28,7.098,7.188,7.455,366110.01,414270.48,600910.76,1.09
2015-12-15,7.15,7.36,7.2,7.13,423037.47,0.06,0.84,7.084,7.207,7.489,379896.81,436093.31,644192.49,1.42
2015-12-14,6.85,7.14,7.14,6.82,351957.09,0.21,3.03,7.09,7.23,7.537,401558.1,458528.26,748637.62,1.18
2015-12-11,7.04,7.08,6.93,6.92,371246.0,-0.11,-1.56,7.124,7.253,7.595,412105.29,496895.0,815626.48,1.24
2015-12-10,7.13,7.18,7.04,7.02,358716.97,-0.07,-0.98,7.198,7.283,7.642,440717.34,567363.01,858571.57,1.2
2015-12-09,7.2,7.23,7.11,7.08,394526.5,-0.12,-1.66,7.278,7.368,7.679,462430.95,608612.31,891119.82,1.32
2015-12-08,7.3,7.4,7.23,7.22,531343.94,-0.08,-1.09,7.33,7.462,7.714,492289.81,645571.69,930243.86,1.78
2015-12-07,7.33,7.35,7.31,7.27,404693.06,0.01,0.14,7.37,7.531,7.745,515498.42,648675.43,985689.94,1.36
2015-12-04,7.39,7.44,7.3,7.21,514306.22,-0.14,-1.88,7.382,7.583,7.773,581684.71,704068.54,1038384.68,1.72
2015-12-03,7.36,7.46,7.44,7.36,467285.03,0.07,0.95,7.368,7.658,7.808,694008.69,763017.0,1072009.64,1.56
2015-12-02,7.38,7.41,7.37,7.12,543820.81,-0.06,-0.81,7.458,7.722,7.83,754793.66,787551.04,1131412.76,1.82
2015-12-01,7.35,7.59,7.43,7.24,647387.0,0.06,0.81,7.594,7.77,7.852,798853.56,852291.68,1158343.25,2.17
2015-11-30,7.27,7.42,7.37,6.9,735624.5,0.14,1.94,7.692,7.844,7.849,781852.44,1038746.98,1167230.39,2.46
2015-11-27,7.83,7.88,7.23,7.16,1075926.12,-0.66,-8.37,7.784,7.936,7.852,826452.36,1134357.96,1182491.11,3.6
2015-11-26,8.08,8.15,7.89,7.88,771209.88,-0.16,-1.99,7.948,8.0,7.884,832025.31,1149780.13,1200926.95,2.58
2015-11-25,7.9,8.06,8.05,7.86,764120.31,0.13,1.64,7.986,7.989,7.883,820308.43,1173627.33,1255278.31,2.56
2015-11-24,7.83,7.94,7.92,7.76,562381.38,0.09,1.15,7.946,7.966,7.879,905729.79,1214916.04,1379709.87,1.88
2015-11-23,8.02,8.08,7.83,7.79,958624.12,-0.22,-2.73,7.996,7.958,7.854,1295641.51,1322704.45,1397861.26,3.21
2015-11-20,8.13,8.24,8.05,7.98,1103790.88,-0.03,-0.37,8.088,7.963,7.839,1442263.56,1372700.81,1445244.43,3.7
2015-11-19,7.88,8.08,8.08,7.81,712625.44,0.23,2.93,8.052,7.958,7.815,1467534.94,1381002.28,1479960.34,2.39
2015-11-18,8.16,8.2,7.85,7.8,1191227.12,-0.32,-3.92,7.992,7.938,7.771,1526946.24,1475274.47,1511728.2,3.99
2015-11-17,8.34,8.58,8.17,8.15,2511940.0,-0.12,-1.45,7.986,7.933,7.722,1524102.29,1464394.83,1556317.8,8.41
2015-11-16,7.7,8.4,8.29,7.68,1691734.38,0.42,5.34,7.92,7.853,7.695,1349767.39,1295713.79,1514679.45,5.67
2015-11-13,7.7,7.96,7.87,7.66,1230147.75,0.09,1.16,7.838,7.768,7.67,1303138.06,1230624.26,1595807.43,4.12
2015-11-12,7.8,7.84,7.78,7.65,1009681.94,-0.04,-0.51,7.864,7.768,7.635,1294469.61,1252073.78,1585954.83,3.38
2015-11-11,7.89,7.92,7.82,7.7,1177007.38,-0.02,-0.26,7.884,7.776,7.572,1423602.7,1336929.29,1568625.12,3.94
2015-11-10,7.9,8.22,7.84,7.84,1640265.5,-0.04,-0.51,7.88,7.791,7.497,1404687.38,1544503.7,1534292.57,5.49
2015-11-09,7.98,8.07,7.88,7.76,1458587.75,-0.12,-1.5,7.786,7.75,7.425,1241660.2,1473018.08,1482226.36,4.88
2015-11-06,7.83,8.05,8.0,7.83,1186805.5,0.12,1.52,7.698,7.715,7.349,1158110.45,1517788.05,1445256.09,3.97
2015-11-05,7.8,8.01,7.88,7.61,1655347.38,0.08,1.03,7.672,7.671,7.252,1209677.95,1578918.41,1409767.68,5.54
2015-11-04,7.45,7.81,7.8,7.38,1082430.75,0.43,5.83,7.668,7.603,7.155,1250255.87,1548181.94,1348988.12,3.62
2015-11-03,7.44,7.63,7.37,7.19,825129.62,-0.07,-0.94,7.702,7.511,7.054,1684320.02,1648240.76,1295134.23,2.76
2015-11-02,7.58,7.91,7.44,7.39,1040839.0,-0.43,-5.46,7.714,7.536,6.972,1704375.95,1733645.11,1262727.23,3.49
2015-10-30,7.81,8.15,7.87,7.57,1444643.0,0.01,0.13,7.732,7.572,6.887,1877465.65,1960990.61,1222567.23,4.84
2015-10-29,7.96,8.03,7.86,7.68,1858237.0,-0.11,-1.38,7.67,7.502,6.789,1948158.87,1919835.87,1167301.56,6.22
2015-10-28,7.7,8.17,7.97,7.58,3252751.5,0.54,7.27,7.538,7.368,6.694,1846108.0,1800320.96,1107012.28,10.89
2015-10-27,7.4,7.52,7.43,7.01,925409.25,-0.1,-1.33,7.32,7.202,6.589,1612161.5,1524081.44,956368.48,3.1
2015-10-26,7.88,7.94,7.53,7.42,1906287.5,-0.03,-0.4,7.358,7.099,6.508,1762914.27,1491434.65,924372.21,6.38
2015-10-23,7.2,7.66,7.56,7.09,1798109.12,0.36,5.0,7.412,6.983,6.431,2044515.57,1372724.14,848257.03,6.02
2015-10-22,6.95,7.3,7.2,6.91,1347982.62,0.32,4.65,7.334,6.832,6.351,1891512.87,1240616.96,776074.7,4.51
2015-10-21,7.61,7.76,6.88,6.86,2083019.0,-0.74,-9.71,7.198,6.706,6.281,1754533.92,1149794.31,722740.16,6.98
2015-10-20,7.59,7.68,7.62,7.45,1679173.12,-0.18,-2.31,7.084,6.596,6.223,1436001.39,942027.71,646128.26,5.62
2015-10-19,7.7,7.89,7.8,7.44,3314294.0,0.63,8.79,6.84,6.407,6.141,1219955.02,791809.35,587079.5,11.1
2015-10-16,6.7,7.17,7.17,6.66,1033095.62,0.65,9.97,6.554,6.201,6.023,700932.7,484143.85,446446.45,3.46
2015-10-15,6.29,6.54,6.52,6.28,663087.88,0.21,3.33,6.33,6.076,5.958,589721.04,414767.25,436154.55,2.22
2015-10-14,6.35,6.43,6.31,6.29,490356.31,-0.09,-1.41,6.214,6.019,5.958,545054.69,413703.59,419904.53,1.64
2015-10-13,6.33,6.45,6.4,6.26,598941.31,0.03,0.47,6.108,5.975,5.968,448054.02,388655.52,417980.4,2.01
2015-10-12,6.1,6.45,6.37,6.1,719182.38,0.32,5.29,5.974,5.916,5.98,363663.67,357309.76,420065.35,2.41
2015-10-09,5.92,6.08,6.05,5.89,477037.31,0.11,1.85,5.848,5.878,5.985,267355.0,323789.91,404143.47,1.6
2015-10-08,5.91,5.99,5.94,5.88,439756.12,0.21,3.67,5.822,5.87,5.996,239813.47,311532.45,407320.25,1.47
2015-10-07,5.77,5.81,5.78,5.76,5353.0,0.05,0.87,5.824,5.855,6.018,282352.49,295686.02,430636.69,0.02
2015-09-30,5.79,5.82,5.73,5.73,176989.56,-0.01,-0.17,5.842,5.849,6.047,329257.01,350228.82,475827.86,0.59
2015-09-29,5.81,5.86,5.74,5.73,237639.0,-0.18,-3.04,5.858,5.874,6.077,350955.85,382349.66,508914.56,0.8
2015-09-28,5.91,5.94,5.92,5.73,339329.66,-0.03,-0.5,5.908,5.844,6.1,380224.83,408749.06,540667.77,1.14
2015-09-25,5.85,6.06,5.95,5.72,652451.25,0.08,1.36,5.918,5.839,6.094,383251.43,457541.85,554220.5,2.18
2015-09-24,5.84,5.92,5.87,5.8,239875.59,0.06,1.03,5.886,5.896,6.068,309019.55,426105.47,566225.11,0.8
2015-09-23,5.95,5.95,5.81,5.78,285483.75,-0.18,-3.0,5.856,5.96,6.06,371200.63,447305.28,600019.52,0.96
2015-09-22,5.97,6.05,5.99,5.91,383983.91,0.02,0.34,5.89,6.043,6.087,413743.46,482820.93,612560.32,1.29
2015-09-21,5.71,5.99,5.97,5.68,354462.66,0.18,3.11,5.78,6.092,6.139,437273.28,484497.02,623322.2,1.19
2015-09-18,5.77,5.88,5.79,5.68,281291.84,0.07,1.22,5.76,6.121,6.216,531832.26,503108.06,636231.05,0.94
2015-09-17,5.93,6.09,5.72,5.71,550781.0,-0.26,-4.35,5.906,6.18,6.319,543191.39,565587.35,666217.45,1.84
2015-09-16,5.48,5.98,5.98,5.45,498197.91,0.54,9.93,6.064,6.244,6.413,523409.93,601426.89,699499.43,1.67
2015-09-15,5.67,5.82,5.44,5.3,501633.0,-0.43,-7.33,6.196,6.279,6.537,551898.39,635479.46,715296.67,1.68
2015-09-14,6.4,6.47,5.87,5.87,827257.56,-0.65,-9.97,6.404,6.355,6.68,531720.76,672586.49,734814.73,2.77
2015-09-11,6.5,6.63,6.52,6.45,338087.47,0.01,0.15,6.482,6.348,6.806,474383.85,650899.15,733455.79,1.13
2015-09-10,6.56,6.76,6.51,6.47,451873.69,-0.13,-1.96,6.454,6.24,6.889,587983.32,706344.76,762950.57,1.51
2015-09-09,6.59,6.7,6.64,6.46,640640.25,0.16,2.47,6.424,6.16,6.983,679443.86,752733.77,818074.92,2.15
2015-09-08,6.21,6.5,6.48,6.12,400744.84,0.22,3.51,6.362,6.13,7.072,719060.52,742299.7,852880.62,1.34
2015-09-07,6.39,6.72,6.26,6.23,540573.0,-0.12,-1.88,6.306,6.186,7.154,813452.21,762147.39,874276.93,1.81
2015-09-02,6.05,6.49,6.38,6.0,906084.81,0.02,0.31,6.214,6.31,7.237,827414.45,769354.05,877866.47,3.03
2015-09-01,6.12,6.46,6.36,5.88,909176.38,0.03,0.47,6.026,6.457,7.317,824706.2,766847.54,893116.6,3.04
2015-08-31,6.2,6.35,6.33,5.94,838723.56,0.13,2.1,5.896,6.582,7.402,826023.67,797571.97,900499.28,2.81
2015-08-28,5.95,6.24,6.2,5.84,872703.31,0.4,6.9,5.898,6.795,7.472,765538.89,795113.88,906380.54,2.92
2015-08-27,5.65,5.82,5.8,5.44,610384.19,0.36,6.62,6.066,7.004,7.527,710842.56,797042.98,895951.91,2.04
2015-08-26,5.82,5.98,5.44,5.4,892543.56,-0.27,-4.73,6.406,7.263,7.597,711293.65,816012.44,905308.42,2.99
2015-08-25,5.71,5.93,5.71,5.71,915763.75,-0.63,-9.94,6.888,7.537,7.699,708988.89,819556.39,903415.93,3.07
2015-08-24,6.7,6.82,6.34,6.34,536299.62,-0.7,-9.94,7.268,7.805,7.763,769120.26,883416.07,919773.1,1.8
2015-08-21,7.36,7.5,7.04,7.01,599221.69,-0.46,-6.13,7.692,8.014,7.806,824688.87,963461.54,946662.37,2.01
2015-08-20,7.74,7.9,7.5,7.48,612639.62,-0.35,-4.46,7.942,8.122,7.853,883243.4,986406.47,991695.89,2.05
2015-08-19,7.4,7.95,7.85,7.09,881019.75,0.24,3.15,8.12,8.164,7.894,920731.22,986378.9,1027199.88,2.95
2015-08-18,8.48,8.57,7.61,7.61,1216420.62,-0.85,-10.05,8.186,8.177,7.902,930123.89,1019385.66,1040050.05,4.07
2015-08-17,8.3,8.47,8.46,8.24,814142.69,0.17,2.05,8.342,8.222,7.922,997711.89,1003426.6,1041533.07,2.73
2015-08-14,8.42,8.48,8.29,8.25,891994.31,-0.1,-1.19,8.336,8.149,7.887,1102234.2,1017647.21,1057879.9,2.99
2015-08-13,8.18,8.4,8.39,8.04,800078.75,0.21,2.57,8.302,8.05,7.858,1089569.55,994860.84,1064450.51,2.68
2015-08-12,8.3,8.49,8.18,8.13,927983.06,-0.21,-2.5,8.208,7.93,7.797,1052026.57,994604.41,1075626.59,3.11
2015-08-11,8.49,8.84,8.39,8.33,1554360.62,-0.04,-0.47,8.168,7.861,7.738,1108647.44,987275.48,1094178.22,5.21
2015-08-10,8.18,8.54,8.43,8.09,1336754.25,0.31,3.82,8.102,7.721,7.708,1009141.31,956130.13,1127346.4,4.48
2015-08-07,8.0,8.2,8.12,8.0,828671.06,0.2,2.52,7.962,7.597,7.679,933060.21,929863.21,1147169.56,2.77
2015-08-06,7.83,8.09,7.92,7.75,612363.88,-0.06,-0.75,7.798,7.584,7.63,900152.14,996985.3,1167870.95,2.05
2015-08-05,8.16,8.27,7.98,7.83,1211087.38,-0.08,-0.99,7.652,7.623,7.559,937182.24,1068020.85,1208421.52,4.06
2015-08-04,7.64,8.06,8.06,7.58,1056830.0,0.33,4.27,7.554,7.627,7.455,865903.53,1060714.44,1226013.41,3.54
2015-08-03,7.22,7.74,7.73,7.15,956348.75,0.43,5.89,7.34,7.622,7.38,903118.95,1079639.54,1248961.55,3.2
2015-07-31,7.05,7.34,7.3,7.05,664130.69,0.11,1.53,7.232,7.625,7.358,926666.2,1098112.6,1274615.06,2.22
2015-07-30,7.45,7.59,7.19,7.12,797514.38,-0.3,-4.0,7.37,7.665,7.359,1093818.46,1134040.18,1310942.65,2.67
2015-07-29,7.13,7.53,7.49,6.96,854693.81,0.5,7.15,7.594,7.663,7.407,1198859.46,1156648.76,1327722.44,2.86
2015-07-28,6.89,7.34,6.99,6.51,1242907.12,-0.2,-2.78,7.7,7.615,7.478,1255525.35,1201080.96,1344739.39,4.16
2015-07-27,7.8,8.04,7.19,7.19,1074085.0,-0.8,-10.01,7.904,7.695,7.607,1256160.13,1298562.67,1349134.34,3.6
2015-07-24,8.27,8.34,7.99,7.91,1499892.0,-0.32,-3.85,8.018,7.761,7.685,1269559.0,1364475.91,1361398.79,5.02
2015-07-23,8.05,8.35,8.31,8.01,1322719.38,0.29,3.62,7.96,7.676,7.772,1174261.9,1338756.61,1337635.1,4.43
2015-07-22,8.12,8.15,8.02,7.77,1138023.25,0.01,0.12,7.732,7.494,7.896,1114438.06,1348822.19,1319515.83,3.81
2015-07-21,7.62,8.19,8.01,7.53,1246081.0,0.25,3.22,7.53,7.282,8.064,1146636.56,1391312.38,1319149.32,4.17
2015-07-20,7.78,8.04,7.76,7.53,1141079.38,0.06,0.78,7.486,7.137,8.21,1340965.21,1418283.57,1304439.18,3.82
2015-07-17,7.3,7.79,7.7,7.2,1023406.5,0.53,7.39,7.504,7.09,8.357,1459392.81,1451117.52,1303814.88,3.43
2015-07-16,7.01,7.42,7.17,6.5,1023600.19,0.16,2.28,7.392,7.053,8.567,1503251.31,1487845.11,1308825.77,3.43
2015-07-15,7.54,7.66,7.01,7.01,1299015.75,-0.78,-10.01,7.256,7.15,8.819,1583206.33,1498796.13,1321570.23,4.35
2015-07-14,7.85,8.32,7.79,7.59,2217724.25,-0.06,-0.76,7.034,7.341,9.066,1635988.2,1488397.83,1333579.38,7.43
2015-07-13,7.45,7.85,7.85,7.3,1733217.38,0.71,9.94,6.788,7.519,9.309,1495601.93,1399706.0,1331791.51,5.8
2015-07-10,6.83,7.14,7.14,6.58,1242699.0,0.65,10.02,6.676,7.609,9.533,1442842.23,1358321.66,1329052.46,4.16
2015-07-09,5.9,6.49,6.49,5.58,1423375.25,0.59,10.0,6.714,7.867,9.796,1472438.9,1336513.58,1368595.44,4.77
2015-07-08,5.9,6.1,5.9,5.9,1562925.12,-0.66,-10.06,7.044,8.298,10.065,1414385.93,1290209.46,1363841.18,5.23
2015-07-07,6.88,7.07,6.56,6.56,1515792.88,-0.73,-10.01,7.648,8.846,10.368,1340807.45,1246986.25,1374468.25,8.76
2015-07-06,8.06,8.06,7.29,6.66,1469418.88,-0.04,-0.55,8.25,9.283,10.652,1303810.08,1190594.79,1421036.15,8.49
2015-07-03,7.87,8.44,7.33,7.33,1390682.38,-0.81,-9.95,8.542,9.624,10.892,1273801.1,1156512.24,1487297.76,8.04
2015-07-02,9.08,9.2,8.14,8.04,1133110.38,-0.78,-8.74,9.02,10.08,11.128,1200588.26,1129806.43,1559260.61,6.55
2015-07-01,9.57,9.87,8.92,8.8,1195032.75,-0.65,-6.79,9.552,10.488,11.275,1166033.0,1144344.33,1581199.62,6.91
2015-06-30,8.85,9.59,9.57,8.2,1330806.0,0.82,9.37,10.044,10.79,11.395,1153165.05,1178760.93,1615540.59,7.69
2015-06-29,10.05,10.15,8.75,8.75,1319374.0,-0.97,-9.98,10.316,11.098,11.45,1077379.5,1263877.03,1607556.5,7.62
2015-06-26,10.39,10.55,9.72,9.72,1024618.19,-1.08,-10.0,10.706,11.456,11.521,1039223.38,1299783.26,1622499.93,5.92
2015-06-25,11.41,11.49,10.8,10.5,960334.06,-0.58,-5.1,11.14,11.724,11.56,1059024.59,1400677.3,1701322.45,5.55
2015-06-24,11.01,11.5,11.38,11.0,1130693.0,0.45,4.12,11.424,11.831,11.604,1122655.65,1437472.9,1806330.0,6.53
2015-06-23,10.75,10.98,10.93,9.71,951878.25,0.23,2.15,11.536,11.889,11.578,1204356.8,1501950.25,1847061.32,5.5
2015-06-19,11.52,11.78,10.7,10.7,1128593.38,-1.19,-10.01,11.88,12.02,11.57,1450374.55,1651477.5,1891759.04,6.52
2015-06-18,12.2,12.5,11.89,11.8,1123624.25,-0.33,-2.7,12.206,12.16,11.563,1560343.15,1818083.29,1933464.71,6.49
2015-06-17,11.95,12.36,12.22,11.44,1278489.38,0.28,2.35,12.308,12.176,11.477,1742330.0,1988714.79,1949389.43,7.39
2015-06-16,12.6,12.6,11.94,11.66,1539198.75,-0.71,-5.61,12.238,12.061,11.36,1752290.15,2018054.91,1951101.77,8.89
2015-06-15,12.42,13.09,12.65,12.2,2181967.0,0.32,2.6,12.242,11.999,11.249,1799543.7,2052320.26,1917104.53,12.61
2015-06-12,12.55,12.64,12.33,12.26,1678436.38,-0.07,-0.56,12.16,11.801,11.088,1852580.45,1951235.97,1842922.58,9.7
2015-06-11,12.05,12.55,12.4,12.03,2033558.5,0.53,4.46,12.114,11.585,10.947,2075823.42,1945216.59,1805023.75,11.75
2015-06-10,11.93,12.08,11.87,11.68,1328290.12,-0.09,-0.75,12.044,11.396,10.824,2235099.57,2001967.61,1752867.99,7.68
2015-06-09,12.56,12.61,11.96,11.86,1775466.5,-0.28,-2.29,11.884,11.377,10.721,2283819.67,2175187.1,1731908.11,10.26
2015-06-08,12.2,12.66,12.24,11.86,2447150.75,0.14,1.16,11.756,11.266,10.624,2305096.82,2192172.39,1700052.7,14.14
2015-06-05,12.07,12.33,12.1,11.61,2794651.25,0.05,0.41,11.442,11.12,10.505,2049891.5,2132040.57,1624036.11,16.15
2015-06-04,11.13,12.15,12.05,10.7,2829939.25,0.98,8.85,11.056,10.966,10.372,1814609.75,2048846.14,1524465.94,16.35
2015-06-03,11.59,11.59,11.07,10.85,1571890.62,-0.25,-2.21,10.748,10.777,10.228,1768835.65,1910064.07,1428388.75,9.08
2015-06-02,10.71,11.36,11.32,10.57,1881852.25,0.65,6.09,10.87,10.658,10.154,2066554.52,1884148.64,1399605.33,10.87
2015-06-01,10.18,10.73,10.67,10.18,1171124.12,0.5,4.92,10.776,10.499,10.084,2079247.95,1781888.8,1367711.88,6.77
2015-05-29,10.39,10.66,10.17,9.72,1618242.5,-0.34,-3.23,10.798,10.374,10.083,2214189.65,1734609.19,1355209.78,9.35
2015-05-28,11.63,11.63,10.51,10.51,2601068.75,-1.17,-10.02,10.876,10.308,10.106,2283082.53,1664830.91,1329482.15,15.03
2015-05-27,10.85,11.94,11.68,10.66,3060485.0,0.83,7.65,10.806,10.252,10.126,2051292.5,1503768.37,1272616.8,17.69
2015-05-26,10.87,10.96,10.85,10.58,1945319.38,0.07,0.65,10.446,10.065,10.099,1701742.75,1288629.13,1267755.84,11.24
2015-05-25,10.58,10.88,10.78,10.58,1845832.62,0.22,2.08,10.222,9.982,10.089,1484529.65,1207933.02,1247843.5,10.67
2015-05-22,10.19,10.59,10.56,10.07,1962706.88,0.4,3.94,9.95,9.889,10.087,1255028.74,1116031.64,1255207.0,11.34
2015-05-21,9.9,10.18,10.16,9.83,1442118.62,0.28,2.83,9.74,9.778,10.077,1046579.29,1000085.74,1226112.79,8.33
2015-05-20,9.75,10.1,9.88,9.7,1312736.25,0.15,1.54,9.698,9.678,10.096,956244.24,946713.43,1233101.85,7.59
2015-05-19,9.5,9.87,9.73,9.48,859253.88,0.31,3.29,9.684,9.65,10.122,875515.51,915062.03,1234111.75,4.97
2015-05-18,9.4,9.73,9.42,9.35,698328.06,-0.09,-0.95,9.742,9.668,10.141,931336.39,953534.96,1314534.98,4.04
2015-05-15,9.93,9.93,9.51,9.43,920459.62,-0.42,-4.23,9.828,9.792,10.208,977034.55,975810.36,1478260.51,5.32
2015-05-14,10.0,10.22,9.95,9.91,990443.38,0.14,1.43,9.816,9.904,10.267,953592.19,994133.4,1606775.44,5.72
2015-05-13,10.01,10.01,9.81,9.75,909092.62,-0.21,-2.1,9.658,9.999,10.256,937182.61,1041465.24,1670666.13,5.25
2015-05-12,9.91,10.19,10.02,9.75,1138358.25,0.17,1.73,9.616,10.133,10.23,954608.54,1246882.55,1698609.13,6.58
2015-05-11,9.56,9.89,9.85,9.4,926818.88,0.4,4.23,9.594,10.196,10.191,975733.54,1287753.98,1707116.99,5.36
2015-05-08,9.31,9.48,9.45,9.2,803247.81,0.29,3.17,9.756,10.285,10.151,974586.17,1394382.36,1714065.82,4.64
2015-05-07,9.6,9.78,9.16,9.08,908395.5,-0.44,-4.58,9.992,10.375,10.118,1034674.61,1452139.84,1736362.93,5.25
2015-05-06,9.98,10.22,9.6,9.51,996222.25,-0.31,-3.13,10.34,10.513,10.114,1145747.86,1519490.27,1758750.76,5.76
2015-05-05,10.67,10.69,9.91,9.81,1243983.25,-0.75,-7.04,10.65,10.594,10.101,1539156.56,1553161.48,1771048.23,7.19
2015-05-04,10.62,10.79,10.66,10.38,921082.06,0.03,0.28,10.798,10.613,10.067,1599774.41,1675535.01,1765897.9,5.32
2015-04-30,10.9,11.14,10.63,10.6,1103690.0,-0.27,-2.48,10.814,10.623,9.999,1814178.55,1980710.65,1796771.19,6.38
2015-04-29,11.05,11.06,10.9,10.7,1463761.75,-0.25,-2.24,10.758,10.63,9.916,1869605.07,2219417.48,1783705.94,8.46
2015-04-28,10.59,11.37,11.15,10.41,2963265.75,0.5,4.7,10.686,10.513,9.816,1893232.67,2299867.03,1759535.65,17.12
2015-04-27,10.76,10.97,10.65,10.48,1547072.5,-0.09,-0.84,10.538,10.327,9.708,1567166.4,2150335.71,1665988.36,8.94
2015-04-24,10.25,10.94,10.74,10.13,1993102.75,0.39,3.77,10.428,10.185,9.617,1751295.6,2126480.01,1629110.68,11.52
2015-04-23,10.55,10.61,10.35,10.25,1380822.62,-0.19,-1.8,10.432,10.016,9.519,2147242.75,2033749.28,1594575.86,7.98
2015-04-22,10.61,10.88,10.54,10.5,1581899.75,0.13,1.25,10.502,9.86,9.455,2569229.88,2020586.03,1625129.78,9.14
2015-04-21,10.0,10.48,10.41,10.0,1332934.38,0.31,3.07,10.34,9.715,9.373,2706501.38,1998011.25,1666612.36,7.7
2015-04-20,10.6,10.6,10.1,10.06,2467718.5,-0.66,-6.13,10.116,9.607,9.286,2733505.02,1988934.97,1692190.13,14.26
2015-04-17,11.4,11.5,10.76,10.7,3972838.5,0.06,0.56,9.942,9.521,9.199,2501664.42,1856260.8,1634631.63,22.96
2015-04-16,9.6,10.7,10.7,9.4,3490758.25,0.97,9.97,9.6,9.374,9.074,1920255.8,1612831.72,1486396.83,20.17
2015-04-15,9.35,10.19,9.73,9.32,2268257.25,0.44,4.74,9.218,9.202,8.956,1471942.17,1347994.41,1374619.89,13.11
2015-04-14,9.36,9.45,9.29,9.19,1467952.62,0.06,0.65,9.09,9.118,8.881,1289521.12,1219204.27,1313211.95,8.48
2015-04-13,9.11,9.28,9.23,9.05,1308515.5,0.18,1.99,9.098,9.088,8.826,1244364.92,1181641.0,1294235.54,7.56
2015-04-10,8.73,9.09,9.05,8.63,1065795.38,0.26,2.96,9.1,9.049,8.762,1210857.17,1131741.34,1255630.75,6.16
2015-04-09,9.08,9.08,8.79,8.62,1249190.12,-0.3,-3.3,9.148,9.021,8.703,1305407.65,1155402.44,1234902.99,7.22
2015-04-08,9.36,9.38,9.09,9.0,1356152.0,-0.24,-2.57,9.186,9.049,8.653,1224046.65,1229673.53,1208861.27,7.84
2015-04-07,9.31,9.44,9.33,9.24,1242171.62,0.09,0.97,9.146,9.03,8.595,1148887.42,1335213.48,1172259.76,7.18
2015-04-03,9.2,9.33,9.24,9.12,1140976.75,-0.05,-0.54,9.078,8.964,8.529,1118917.08,1395445.29,1138670.0,6.59
2015-04-02,8.98,9.37,9.29,8.98,1538547.75,0.31,3.45,8.998,8.877,8.463,1052625.5,1413002.46,1129082.92,8.89
2015-04-01,8.91,9.04,8.98,8.85,842385.12,0.09,1.01,8.894,8.774,8.409,1005397.23,1359961.94,1106296.33,4.87
2015-03-31,9.03,9.09,8.89,8.85,980355.88,-0.1,-1.11,8.912,8.71,8.372,1235300.4,1401245.36,1127573.18,5.67
2015-03-30,8.9,9.12,8.99,8.9,1092319.88,0.15,1.7,8.914,8.643,8.345,1521539.53,1407219.62,1202827.01,6.31
2015-03-27,8.77,8.9,8.84,8.71,809518.88,0.07,0.8,8.85,8.564,8.298,1671973.5,1406830.08,1228296.79,4.68
2015-03-26,9.0,9.0,8.77,8.71,1302406.38,-0.3,-3.31,8.756,8.475,8.244,1773379.43,1379520.17,1222262.32,7.53
2015-03-25,8.94,9.34,9.07,8.73,1991901.0,0.17,1.91,8.654,8.385,8.195,1714526.65,1314403.54,1226062.75,11.51
2015-03-24,8.7,9.08,8.9,8.28,2411551.5,0.23,2.65,8.508,8.257,8.122,1567190.33,1188049.01,1177175.7,13.94
2015-03-23,8.4,8.78,8.67,8.33,1844489.75,0.3,3.58,8.372,8.159,8.047,1292899.71,1009306.05,1057570.4,10.66
2015-03-20,8.28,8.58,8.37,8.22,1316548.5,0.11,1.33,8.278,8.093,7.983,1141686.66,881894.72,988330.15,7.61
2015-03-19,8.35,8.38,8.26,8.21,1008142.5,-0.08,-0.96,8.194,8.049,7.933,985660.91,845163.38,951084.73,5.83
2015-03-18,8.23,8.39,8.34,8.2,1255219.38,0.12,1.46,8.116,8.043,7.882,914280.43,852630.73,936644.69,7.25
2015-03-17,8.28,8.31,8.22,8.13,1040098.44,0.02,0.24,8.006,8.033,7.817,808907.69,853901.0,887928.39,6.01
2015-03-16,8.06,8.21,8.2,8.01,1088424.5,0.25,3.15,7.946,8.046,7.757,725712.39,998434.41,848748.52,6.29
2015-03-13,7.87,7.95,7.95,7.82,536419.75,0.08,1.02,7.908,8.031,7.696,622102.78,1049763.49,809413.23,3.1
2015-03-12,7.81,7.99,7.87,7.79,651240.06,0.08,1.03,7.904,8.012,7.641,704665.84,1065004.48,800866.29,3.76
2015-03-11,7.92,7.93,7.79,7.75,728355.69,-0.13,-1.64,7.97,8.004,7.595,790981.03,1137721.96,795809.22,4.21
2015-03-10,8.0,8.0,7.92,7.88,624121.94,-0.09,-1.12,8.06,7.986,7.56,898894.31,1166302.39,785624.67,3.61
2015-03-09,7.91,8.09,8.01,7.85,570376.44,0.08,1.01,8.146,7.935,7.524,1271156.42,1105834.75,777293.6,3.3
2015-03-06,8.22,8.27,7.93,7.91,949235.06,-0.27,-3.29,8.154,7.872,7.49,1477424.21,1094765.58,768224.15,5.49
2015-03-05,8.29,8.5,8.2,8.15,1082816.0,-0.04,-0.48,8.12,7.817,7.457,1425343.11,1057006.09,745731.36,6.26
2015-03-04,8.28,8.28,8.24,8.07,1267922.12,-0.11,-1.32,8.038,7.721,7.42,1484462.89,1020658.66,726260.18,7.33
2015-03-03,8.06,8.69,8.35,7.96,2485432.5,0.3,3.73,7.912,7.6,7.378,1433710.46,921955.77,698144.59,14.36
2015-03-02,8.1,8.3,8.05,7.92,1601715.38,0.29,3.74,7.724,7.468,7.345,940513.07,699062.63,612237.59,9.26
2015-02-27,7.8,7.85,7.76,7.69,688829.56,-0.03,-0.39,7.59,7.36,7.328,712106.96,569062.97,584413.06,3.98
2015-02-26,7.71,7.96,7.79,7.65,1378414.88,0.18,2.37,7.514,7.269,7.318,688669.07,536728.11,577477.03,7.97
2015-02-25,7.43,7.75,7.61,7.43,1014160.0,0.23,3.12,7.404,7.185,7.301,556854.43,453896.49,544008.77,5.86
2015-02-24,7.39,7.45,7.41,7.38,19445.53,0.03,0.41,7.288,7.133,7.3,410201.09,404946.96,532164.84,0.11
2015-02-17,7.43,7.46,7.38,7.32,459684.81,0.0,0.0,7.212,7.112,7.304,457612.18,448752.46,574680.29,2.66
2015-02-16,7.32,7.45,7.38,7.32,571640.12,0.14,1.93,7.13,7.108,7.299,426018.99,441682.73,589571.39,3.3
2015-02-13,7.07,7.38,7.24,7.06,719341.69,0.21,2.99,7.024,7.096,7.285,384787.15,434456.63,617222.69,4.16
2015-02-12,7.02,7.08,7.03,6.96,280893.28,0.0,0.0,6.966,7.119,7.312,350938.54,431861.71,627388.74,1.62
2015-02-11,6.99,7.08,7.03,6.95,256501.02,0.06,0.86,6.978,7.156,7.342,399692.83,474333.41,652152.7,1.48
2015-02-10,6.84,6.97,6.97,6.81,301718.84,0.12,1.75,7.012,7.222,7.36,439892.74,525412.55,658476.35,1.74
2015-02-09,6.92,6.96,6.85,6.72,365480.94,-0.1,-1.44,7.086,7.295,7.38,457346.46,599763.14,666853.85,2.11
2015-02-06,7.1,7.15,6.95,6.82,550098.62,-0.14,-1.98,7.168,7.367,7.404,484126.11,618225.95,686842.07,3.18
2015-02-05,7.32,7.35,7.09,7.09,524664.75,-0.11,-1.53,7.272,7.417,7.438,512784.88,634121.06,696964.9,3.03
2015-02-04,7.33,7.39,7.2,7.15,457500.53,-0.14,-1.91,7.334,7.466,7.473,548973.98,659382.72,721148.63,2.64
2015-02-03,7.34,7.36,7.34,7.24,388987.47,0.08,1.1,7.432,7.495,7.508,610932.36,700608.11,779632.87,2.25
2015-02-02,7.3,7.39,7.26,7.22,499379.16,-0.21,-2.81,7.504,7.489,7.557,742179.82,737460.05,869248.27,2.89
2015-01-30,7.46,7.71,7.47,7.43,693392.5,0.07,0.95,7.566,7.474,7.578,752325.79,799988.74,909184.9,4.01
2015-01-29,7.6,7.66,7.4,7.4,705610.25,-0.29,-3.77,7.562,7.505,7.587,755457.24,822915.77,936606.4,4.08
2015-01-28,7.65,7.79,7.69,7.6,767292.44,-0.01,-0.13,7.598,7.527,7.604,769791.45,829971.99,957656.92,4.43
2015-01-27,7.67,7.77,7.7,7.5,1045224.75,0.13,1.72,7.558,7.497,7.617,790283.86,791540.16,1012801.19,6.04
2015-01-26,7.42,7.6,7.57,7.4,550109.0,0.12,1.61,7.474,7.465,7.626,732740.27,733944.55,1041762.18,3.18
2015-01-23,7.61,7.66,7.45,7.4,709049.75,-0.13,-1.72,7.382,7.441,7.645,847651.7,755458.2,1095927.3,4.1
2015-01-22,7.55,7.66,7.58,7.45,777281.31,0.09,1.2,7.448,7.458,7.664,890374.31,759808.73,1172407.78,4.49
2015-01-21,7.35,7.59,7.49,7.3,869754.5,0.21,2.88,7.456,7.479,7.665,890152.52,782914.55,1211540.59,5.03
2015-01-20,7.2,7.36,7.28,7.12,757506.81,0.17,2.39,7.436,7.521,7.693,792796.45,858657.62,1319796.65,4.38
2015-01-19,7.48,7.76,7.11,7.0,1124666.12,-0.67,-8.61,7.456,7.625,7.718,735148.82,1001036.49,1378915.24,6.5
2015-01-16,7.62,7.83,7.78,7.52,922662.81,0.16,2.1,7.5,7.682,7.73,663264.7,1018381.06,1434174.43,5.33
2015-01-15,7.52,7.74,7.62,7.52,776172.38,0.23,3.11,7.468,7.668,7.697,629243.15,1050297.02,1462302.4,4.49
2015-01-14,7.39,7.48,7.39,7.35,382974.12,0.01,0.14,7.502,7.68,7.679,675676.57,1085341.86,1547823.43,2.21
2015-01-13,7.3,7.52,7.38,7.29,469268.69,0.05,0.68,7.606,7.737,7.665,924518.8,1234062.23,1596698.61,2.71
2015-01-12,7.6,7.64,7.33,7.3,765245.5,-0.29,-3.81,7.794,7.787,7.656,1266924.16,1349579.81,1719251.85,4.42
2015-01-09,7.71,7.86,7.62,7.6,752555.06,-0.17,-2.18,7.864,7.849,7.653,1373497.41,1436396.41,1951676.37,4.35
2015-01-08,7.92,8.05,7.79,7.78,1008339.5,-0.12,-1.52,7.868,7.869,7.603,1471350.9,1585006.83,2001169.12,5.83
2015-01-07,8.13,8.18,7.91,7.9,1627185.25,-0.41,-4.93,7.858,7.85,7.515,1495007.15,1640166.63,2024053.3,9.4
2015-01-06,7.64,8.45,8.32,7.51,2181295.5,0.64,8.33,7.868,7.865,7.439,1543605.65,1780935.68,2006837.11,12.6
2015-01-05,7.62,7.85,7.68,7.41,1298111.75,0.04,0.52,7.78,7.811,7.335,1432235.45,1756793.99,1979238.24,7.5
2014-12-31,7.85,7.85,7.64,7.45,1241822.5,-0.1,-1.29,7.834,7.777,7.277,1499295.4,1849967.81,1987473.14,7.18
2014-12-30,7.94,8.04,7.74,7.7,1126620.75,-0.22,-2.76,7.87,7.725,7.219,1698662.75,1874307.77,2023397.87,6.51
2014-12-29,7.93,8.15,7.96,7.81,1870177.75,0.08,1.01,7.842,7.678,7.155,1785326.1,2010305.0,2078066.5,10.81
2014-12-26,7.93,8.16,7.88,7.83,1624444.5,-0.07,-0.88,7.862,7.593,7.06,2018265.7,1959334.99,2030126.91,9.39
2014-12-25,7.88,8.04,7.95,7.52,1633411.5,0.13,1.66,7.842,7.524,6.968,2081352.52,2088923.89,2002679.95,9.44
2014-12-24,7.78,8.14,7.82,7.7,2238659.25,0.22,2.9,7.72,7.457,6.874,2200640.22,2466956.34,1974371.43,12.94
2014-12-23,8.06,8.06,7.6,7.58,1559937.5,-0.46,-5.71,7.58,7.337,6.789,2049952.8,2417331.41,1923966.55,9.01
2014-12-22,7.8,8.35,8.06,7.47,3034875.75,0.28,3.6,7.514,7.179,6.714,2235283.9,2407939.97,1922988.73,17.54
2014-12-19,7.25,7.98,7.78,7.1,1939878.62,0.44,6.0,7.324,7.012,6.606,1900404.27,2232738.54,1844412.35,11.21
2014-12-18,7.13,7.66,7.34,7.12,2229850.0,0.22,3.09,7.206,6.859,6.507,2096495.25,2201682.5,1794250.06,12.89
2014-12-17,7.19,7.33,7.12,7.07,1485222.12,-0.15,-2.06,7.194,6.776,6.426,2733272.45,2124978.46,1704803.12,8.58
2014-12-16,7.1,7.46,7.27,7.06,2486593.0,0.16,2.25,7.094,6.712,6.358,2784710.02,2172487.97,1667784.4,14.37
2014-12-15,7.18,7.18,7.11,7.01,1360477.62,-0.08,-1.11,6.844,6.631,6.28,2580596.05,2145828.0,1588912.37,7.86
2014-12-12,7.2,7.31,7.19,6.98,2920333.5,-0.09,-1.24,6.7,6.527,6.204,2565072.8,2100918.83,1539923.53,16.88
2014-12-11,7.0,7.28,7.28,6.89,5413736.0,0.66,9.97,6.512,6.411,6.122,2306869.75,1916436.01,1409267.23,31.28
2014-12-10,6.04,6.62,6.62,6.04,1742410.0,0.6,9.97,6.358,6.29,6.037,1516684.47,1481786.52,1163777.19,10.07
2014-12-09,6.34,6.39,6.02,6.01,1466023.12,-0.37,-5.79,6.33,6.24,5.99,1560265.92,1430601.68,1103720.71,8.47
2014-12-08,6.21,6.4,6.39,6.08,1282861.38,0.14,2.24,6.418,6.248,5.965,1711059.95,1438037.48,1064266.0,7.41
2014-12-05,6.51,6.52,6.25,6.05,1629318.25,-0.26,-3.99,6.354,6.199,5.929,1636764.86,1456086.17,1025572.07,9.42
2014-12-04,6.47,6.55,6.51,6.38,1462809.62,0.03,0.46,6.31,6.154,5.898,1526002.26,1386817.61,983590.36,8.45
2014-12-03,6.46,6.62,6.48,6.31,1960317.25,0.02,0.31,6.222,6.076,5.862,1446888.56,1284627.78,951883.51,11.33
2014-12-02,6.15,6.55,6.46,6.12,2219993.25,0.39,6.42,6.15,6.004,5.825,1300937.44,1163080.83,888496.94,12.83
2014-12-01,6.05,6.14,6.07,5.98,911385.94,0.04,0.66,6.078,5.929,5.785,1165015.01,1031996.73,805802.98,5.27
2014-11-28,6.11,6.14,6.03,5.98,1075505.25,-0.04,-0.66,6.044,5.881,5.768,1275407.47,978928.24,792587.48,6.21
2014-11-27,6.15,6.2,6.07,6.03,1067241.12,-0.05,-0.82,5.998,5.833,5.752,1247632.96,902098.46,772389.33,6.17
2014-11-26,6.11,6.16,6.12,6.02,1230561.62,0.02,0.33,5.93,5.784,5.73,1122367.0,845767.86,750492.2,7.11
2014-11-25,5.87,6.18,6.1,5.87,1540381.12,0.2,3.39,5.858,5.74,5.705,1025224.22,776839.74,724100.0,8.9
2014-11-24,5.88,5.97,5.9,5.81,1463348.25,0.1,1.72,5.78,5.681,5.681,898978.46,690494.53,672617.74,8.46
2014-11-21,5.81,5.84,5.8,5.74,936632.69,0.07,1.22,5.718,5.658,5.661,682449.0,595057.98,616181.2,5.41
2014-11-20,5.73,5.79,5.73,5.69,440911.34,-0.03,-0.52,5.668,5.641,5.643,556563.96,580363.1,582503.49,2.55
2014-11-19,5.71,5.81,5.76,5.68,744847.69,0.05,0.88,5.638,5.648,5.627,569168.73,619139.23,586724.07,4.3
2014-11-18,5.66,5.82,5.71,5.63,909152.31,0.12,2.15,5.622,5.645,5.616,528455.26,613913.06,580207.56,5.25
2014-11-17,5.55,5.64,5.59,5.52,380700.97,0.04,0.72,5.582,5.641,5.607,482010.6,579609.23,557010.59,2.2
2014-11-14,5.55,5.58,5.55,5.5,307207.47,-0.03,-0.54,5.598,5.655,5.61,507666.96,606246.73,558256.93,1.78
2014-11-13,5.68,5.7,5.58,5.52,503935.19,-0.1,-1.76,5.614,5.67,5.612,604162.25,642680.2,579029.44,2.91
2014-11-12,5.49,5.69,5.68,5.48,541280.38,0.17,3.08,5.658,5.675,5.619,669109.73,655216.53,589789.16,3.13
2014-11-11,5.67,5.7,5.51,5.47,676929.0,-0.16,-2.82,5.668,5.669,5.625,699370.86,671360.26,595640.9,3.91
2014-11-10,5.62,5.69,5.67,5.6,508982.78,0.04,0.71,5.7,5.68,5.642,677207.86,654740.95,595703.89,2.94
2014-11-07,5.79,5.81,5.63,5.58,789683.88,-0.17,-2.93,5.712,5.664,5.655,704826.5,637304.43,625797.34,4.56
2014-11-06,5.73,5.82,5.8,5.68,828672.62,0.07,1.22,5.726,5.645,5.664,681198.16,584643.87,637926.61,4.79
2014-11-05,5.67,5.76,5.73,5.61,692586.0,0.06,1.06,5.692,5.605,5.67,641323.33,554308.92,685892.69,4.0
2014-11-04,5.75,5.78,5.67,5.65,566114.0,-0.06,-1.05,5.67,5.587,5.671,643349.66,546502.05,698220.27,3.27
2014-11-03,5.71,5.75,5.73,5.67,647076.0,0.03,0.53,5.66,5.573,5.671,632274.04,534411.95,710797.29,3.74
2014-10-31,5.65,5.7,5.7,5.6,671542.19,0.07,1.24,5.616,5.564,5.667,569782.35,510267.13,743873.3,3.88
2014-10-30,5.62,5.67,5.63,5.58,629298.44,0.01,0.18,5.564,5.553,5.667,488089.58,515378.68,749285.66,3.64
2014-10-29,5.64,5.66,5.62,5.56,702717.69,0.0,0.0,5.518,5.563,5.672,467294.51,524361.79,780724.46,4.06
2014-10-28,5.52,5.66,5.62,5.51,510735.88,0.11,2.0,5.504,5.581,5.676,449654.44,519921.54,802581.08,2.95
2014-10-27,5.43,5.57,5.51,5.39,334617.56,0.07,1.29,5.486,5.604,5.674,436549.87,536666.83,810710.87,1.93
2014-10-24,5.41,5.46,5.44,5.39,263078.34,0.04,0.74,5.512,5.645,5.675,450751.9,614290.25,824721.7,1.52
2014-10-23,5.51,5.55,5.4,5.39,525323.06,-0.15,-2.7,5.542,5.682,5.687,542667.77,691209.35,850159.8,3.04
2014-10-22,5.69,5.73,5.55,5.55,614517.38,0.02,0.36,5.608,5.734,5.703,581429.07,817476.46,889062.26,3.55
2014-10-21,5.64,5.64,5.53,5.52,445213.0,-0.11,-1.95,5.658,5.755,5.707,590188.63,849938.48,909492.35,2.57
2014-10-20,5.61,5.68,5.64,5.61,405627.72,0.05,0.89,5.722,5.769,5.708,636783.79,887182.63,969382.47,2.34
2014-10-17,5.71,5.75,5.59,5.46,722657.69,-0.14,-2.44,5.778,5.769,5.706,777828.6,977479.47,998563.22,4.18
2014-10-16,5.74,5.85,5.73,5.71,719129.56,-0.07,-1.21,5.822,5.781,5.706,839750.94,983192.64,1016566.79,4.16
2014-10-15,5.85,5.86,5.8,5.71,658315.19,-0.05,-0.85,5.86,5.781,5.697,1053523.85,1037087.13,1052953.45,3.8
2014-10-14,5.92,5.94,5.85,5.8,678188.81,-0.07,-1.18,5.852,5.77,5.691,1109688.34,1085240.62,1083031.47,3.92
2014-10-13,5.9,5.95,5.92,5.82,1110851.75,0.11,1.89,5.816,5.743,5.683,1137581.47,1084754.91,1130413.04,6.42
2014-10-10,5.9,5.9,5.81,5.77,1032269.38,-0.11,-1.86,5.76,5.705,5.673,1177130.35,1035153.14,1256343.64,5.97
2014-10-09,5.81,5.98,5.92,5.77,1787994.12,0.16,2.78,5.74,5.692,5.661,1126634.35,1009110.24,1352214.67,10.33
2014-10-08,5.68,5.77,5.76,5.66,939137.62,0.09,1.59,5.702,5.671,5.619,1020650.4,960648.06,1300995.9,5.43
2014-09-30,5.64,5.72,5.67,5.61,817654.5,0.03,0.53,5.688,5.659,5.583,1060792.9,969046.23,1283188.72,4.72
2014-09-29,5.72,5.75,5.64,5.6,1308596.12,-0.07,-1.23,5.67,5.646,5.55,1031928.35,1051582.31,1257163.62,7.56
2014-09-26,5.71,5.78,5.71,5.67,779789.38,-0.02,-0.35,5.65,5.642,5.518,893175.94,1019646.96,1204457.38,4.51
2014-09-25,5.69,5.82,5.73,5.64,1258074.38,0.04,0.7,5.644,5.631,5.48,891586.12,1049940.94,1187749.88,7.27
2014-09-24,5.57,5.75,5.69,5.53,1139850.12,0.11,1.97,5.64,5.612,5.439,900645.72,1068819.77,1137548.21,6.59
2014-09-23,5.54,5.66,5.58,5.53,673331.75,0.04,0.72,5.63,5.612,5.399,877299.55,1080822.32,1100579.54,3.89
2014-09-22,5.64,5.64,5.54,5.53,614834.06,-0.14,-2.46,5.622,5.623,5.371,1071236.28,1176071.16,1088345.92,3.55
2014-09-19,5.68,5.75,5.68,5.56,771840.31,-0.03,-0.53,5.634,5.64,5.348,1146117.99,1477534.13,1095601.78,4.46
2014-09-18,5.64,5.85,5.71,5.59,1303372.38,0.07,1.24,5.618,5.63,5.313,1208295.75,1695319.1,1078388.12,7.53
2014-09-17,5.58,5.66,5.64,5.39,1023119.25,0.1,1.8,5.584,5.566,5.28,1236993.82,1641343.73,1033733.08,5.91
2014-09-16,5.62,5.85,5.54,5.53,1643015.38,-0.06,-1.07,5.594,5.507,5.251,1284345.1,1597331.21,1010876.9,9.49
2014-09-15,5.57,5.69,5.6,5.55,989242.62,0.0,0.0,5.624,5.454,5.225,1280906.05,1462744.92,951253.19,5.72
2014-09-12,5.52,5.63,5.6,5.48,1082729.12,0.06,1.08,5.646,5.393,5.196,1808950.27,1389267.79,935325.72,6.26
2014-09-11,5.69,5.73,5.54,5.51,1446862.75,-0.15,-2.64,5.642,5.329,5.164,2182342.45,1325558.82,928977.04,8.36
2014-09-10,5.67,5.78,5.69,5.62,1259875.62,0.0,0.0,5.548,5.265,5.13,2045693.64,1206276.65,871147.83,7.28
2014-09-09,5.7,5.76,5.69,5.6,1625820.12,-0.02,-0.35,5.42,5.186,5.09,1910317.32,1120336.75,821524.68,9.4
2014-09-05,5.56,5.83,5.71,5.5,3629463.75,0.13,2.33,5.284,5.118,5.051,1644583.79,1000620.69,753758.61,20.97
2014-09-04,5.07,5.58,5.58,5.06,2949690.0,0.51,10.06,5.14,5.056,5.008,969585.31,713669.44,583663.37,17.05
2014-09-03,5.07,5.14,5.07,5.05,763618.69,0.02,0.4,5.016,4.996,4.971,468775.2,461457.14,460526.98,4.41
2014-09-02,5.01,5.06,5.05,4.99,582994.06,0.04,0.8,4.982,4.993,4.965,366859.66,426122.43,442189.27,3.37
2014-09-01,4.99,5.03,5.01,4.97,297152.47,0.02,0.4,4.952,4.994,4.959,330356.18,424422.6,428868.7,1.72
2014-08-29,4.96,4.99,4.99,4.9,254471.34,0.03,0.6,4.952,4.996,4.955,356657.58,439761.46,432923.91,1.47
2014-08-28,4.93,5.06,4.96,4.92,445639.44,0.06,1.22,4.972,4.998,4.95,457753.56,481383.65,462218.69,2.58
2014-08-27,4.9,4.93,4.9,4.86,254040.97,0.0,0.0,4.976,4.998,4.946,454139.08,532395.26,456770.98,1.47
2014-08-26,4.99,5.04,4.9,4.86,400476.66,-0.11,-2.2,5.004,4.995,4.943,485385.2,536019.02,460919.19,2.31
2014-08-25,5.07,5.09,5.01,4.99,428659.5,-0.08,-1.57,5.036,4.993,4.94,518489.02,522712.61,477013.28,2.48
2014-08-22,4.98,5.1,5.09,4.96,759951.25,0.11,2.21,5.04,4.983,4.93,522865.34,506896.53,485557.38,4.39
2014-08-21,5.04,5.05,4.98,4.94,427567.03,-0.06,-1.19,5.024,4.959,4.912,505013.74,453657.3,466717.36,2.47
2014-08-20,5.06,5.08,5.04,5.02,410271.56,-0.02,-0.4,5.02,4.945,4.895,610651.43,459596.82,458756.69,2.37
2014-08-19,5.05,5.11,5.06,5.01,565995.75,0.03,0.6,4.986,4.936,4.872,586652.84,458256.11,446615.27,3.27
2014-08-18,5.03,5.07,5.03,5.0,450541.09,0.02,0.4,4.95,4.924,4.85,526936.19,433314.81,426094.92,2.6
2014-08-15,4.98,5.09,5.01,4.97,670693.25,0.05,1.01,4.926,4.914,4.827,490927.72,426086.37,412320.33,3.88
2014-08-14,4.86,5.05,4.96,4.85,955755.5,0.09,1.85,4.894,4.902,4.809,402300.86,443053.72,385944.01,5.52
2014-08-13,4.88,4.9,4.87,4.83,290278.62,-0.01,-0.2,4.87,4.894,4.794,308542.21,381146.71,345025.99,1.68
2014-08-12,4.91,4.92,4.88,4.86,267412.5,-0.03,-0.61,4.886,4.89,4.784,329859.38,385819.36,339314.45,1.55
2014-08-11,4.85,4.93,4.91,4.85,270498.72,0.06,1.24,4.898,4.887,4.774,339693.42,431313.95,336216.92,1.56
2014-08-08,4.84,4.87,4.85,4.82,227558.95,0.01,0.21,4.902,4.877,4.765,361245.02,464218.23,335750.31,1.31
2014-08-07,4.99,4.99,4.84,4.83,486962.28,-0.11,-2.22,4.91,4.864,4.754,483806.59,479777.43,331507.7,2.81
2014-08-06,4.93,4.98,4.95,4.89,396864.47,0.01,0.2,4.918,4.844,4.742,453751.21,457916.56,314519.31,2.29
2014-08-05,4.98,5.0,4.94,4.92,316582.69,0.01,0.2,4.894,4.808,4.725,441779.34,434974.43,308232.93,1.83
2014-08-04,4.89,4.94,4.93,4.85,378256.69,0.04,0.82,4.876,4.775,4.715,522934.49,418875.04,301429.98,2.19
2014-08-01,4.88,5.01,4.89,4.86,840366.81,0.01,0.2,4.852,4.74,4.705,567191.44,398554.3,291960.42,4.86
2014-07-31,4.86,4.88,4.88,4.81,336685.38,0.05,1.03,4.818,4.716,4.699,475748.28,328834.3,258048.82,1.95
2014-07-30,4.88,4.89,4.83,4.8,337005.12,-0.02,-0.41,4.77,4.693,4.695,462081.91,308905.27,255368.53,1.95
2014-07-29,4.8,4.94,4.85,4.77,722358.44,0.04,0.83,4.722,4.677,4.692,428169.53,292809.53,250376.45,4.17
2014-07-28,4.73,4.84,4.81,4.72,599541.44,0.09,1.91,4.674,4.661,4.69,314815.6,241119.89,225284.28,3.46
2014-07-25,4.66,4.74,4.72,4.63,383151.0,0.08,1.72,4.628,4.652,4.688,229917.16,207282.39,206194.84,2.21
2014-07-24,4.58,4.66,4.64,4.58,268353.56,0.05,1.09,4.614,4.644,4.69,181920.33,183237.98,205418.41,1.55
2014-07-23,4.61,4.64,4.59,4.58,167443.2,-0.02,-0.43,4.616,4.64,4.695,155728.62,171122.06,202550.46,0.97
2014-07-22,4.59,4.62,4.61,4.57,155588.78,0.03,0.66,4.632,4.642,4.702,157449.54,181491.44,203550.72,0.9
2014-07-21,4.64,4.65,4.58,4.57,175049.27,-0.07,-1.5,4.648,4.654,4.706,167424.19,183984.92,204696.8,1.01
2014-07-18,4.64,4.67,4.65,4.63,143166.84,0.0,0.0,4.676,4.669,4.713,184647.61,185366.55,203111.68,0.83
2014-07-17,4.67,4.7,4.65,4.63,137395.02,-0.02,-0.43,4.674,4.682,4.717,184555.62,187263.33,203743.23,0.79
2014-07-16,4.68,4.72,4.67,4.66,176047.77,-0.02,-0.43,4.664,4.697,4.719,186515.51,201831.79,211793.44,1.02
2014-07-15,4.72,4.72,4.69,4.67,205462.06,-0.03,-0.64,4.652,4.707,4.724,205533.34,207943.37,224245.56,1.19
2014-07-14,4.64,4.73,4.72,4.62,261166.36,0.08,1.72,4.66,4.718,4.733,200545.65,209448.67,258211.49,1.51
2014-07-11,4.63,4.65,4.64,4.6,142706.91,0.04,0.87,4.662,4.723,4.731,186085.48,205107.3,254234.69,0.82
2014-07-10,4.61,4.65,4.6,4.59,147194.44,-0.01,-0.22,4.69,4.735,4.733,189971.04,227598.85,258653.23,0.85
2014-07-09,4.74,4.74,4.61,4.6,271136.91,-0.12,-2.54,4.73,4.75,4.737,217148.07,233978.85,270172.67,1.57
2014-07-08,4.72,4.74,4.73,4.67,180523.62,0.0,0.0,4.762,4.762,4.744,210353.41,225610.0,301053.56,1.04
2014-07-07,4.79,4.8,4.73,4.71,188865.52,-0.05,-1.05,4.776,4.758,4.733,218351.69,225408.68,299145.73,1.09
2014-07-04,4.8,4.82,4.78,4.76,162134.69,-0.02,-0.42,4.784,4.757,4.72,224129.12,220856.82,296251.62,0.94
2014-07-03,4.77,4.85,4.8,4.74,283079.62,0.03,0.63,4.78,4.752,4.707,265226.67,220223.13,295672.3,1.64
2014-07-02,4.81,4.82,4.77,4.73,237163.59,-0.03,-0.62,4.77,4.74,4.694,250809.63,221755.08,291483.98,1.37
2014-07-01,4.78,4.85,4.8,4.77,220515.03,0.03,0.63,4.762,4.741,4.683,240866.59,240547.74,292686.88,1.27
2014-06-30,4.76,4.8,4.77,4.75,217752.67,0.01,0.21,4.74,4.748,4.668,232465.67,306974.31,287401.84,1.26
2014-06-27,4.79,4.88,4.76,4.76,367622.44,0.01,0.21,4.73,4.739,4.655,217584.52,303362.08,282423.5,2.12
2014-06-26,4.72,4.78,4.75,4.71,210994.42,0.02,0.42,4.724,4.73,4.643,175219.58,289707.61,271140.96,1.22
2014-06-25,4.69,4.76,4.73,4.65,187448.38,0.04,0.85,4.71,4.724,4.635,192700.53,306366.48,269258.13,1.08
2014-06-24,4.72,4.73,4.69,4.67,178510.44,-0.03,-0.64,4.72,4.725,4.626,240228.9,376497.13,267691.91,1.03
2014-06-23,4.73,4.77,4.72,4.7,143346.91,-0.01,-0.21,4.756,4.707,4.623,381482.96,372882.79,265721.76,0.83
2014-06-20,4.7,4.75,4.73,4.66,155797.75,0.05,1.07,4.748,4.683,4.618,389139.64,371646.42,266988.99,0.9
2014-06-19,4.78,4.84,4.68,4.63,298399.19,-0.1,-2.09,4.736,4.661,4.611,404195.65,371121.48,275487.71,1.72
2014-06-18,4.82,4.86,4.78,4.75,425090.19,-0.09,-1.85,4.738,4.647,4.604,420032.43,361212.87,265540.28,2.46
2014-06-17,4.67,5.05,4.87,4.64,884780.75,0.19,4.06,4.73,4.625,4.59,512765.36,344826.02,250046.65,5.11
2014-06-16,4.66,4.71,4.68,4.66,181630.33,0.01,0.21,4.658,4.587,4.57,364282.62,267829.37,212493.02,1.05
2014-06-13,4.66,4.72,4.67,4.65,231077.77,-0.02,-0.43,4.618,4.57,4.563,354153.19,261484.92,213075.69,1.34
2014-06-12,4.69,4.72,4.69,4.64,377583.12,-0.05,-1.05,4.586,4.556,4.559,338047.32,252574.3,209609.03,2.18
2014-06-11,4.55,4.82,4.74,4.54,888754.81,0.23,5.1,4.556,4.545,4.558,302393.31,232149.78,196665.41,5.14
2014-06-10,4.5,4.51,4.51,4.45,142367.05,0.03,0.67,4.52,4.526,4.555,176886.68,158886.69,159192.18,0.82
2014-06-09,4.49,4.53,4.48,4.48,130983.21,-0.03,-0.67,4.516,4.538,4.565,171376.12,158560.73,163605.56,0.76
2014-06-06,4.55,4.55,4.51,4.48,150548.41,-0.03,-0.66,4.522,4.552,4.573,168816.64,162331.56,166100.62,0.87
2014-06-05,4.54,4.55,4.54,4.49,199313.06,-0.02,-0.44,4.526,4.561,4.578,167101.28,179853.94,168125.32,1.15
2014-06-04,4.47,4.57,4.56,4.47,261221.67,0.07,1.56,4.534,4.56,4.584,161906.25,169867.68,165194.16,1.51
2014-06-03,4.51,4.54,4.49,4.49,114814.26,-0.02,-0.44,4.532,4.554,4.593,140886.71,155267.28,159800.43,0.66
2014-05-30,4.53,4.54,4.51,4.49,118185.8,-0.02,-0.44,4.56,4.553,4.605,145745.34,157156.66,160125.84,0.68
2014-05-29,4.58,4.6,4.53,4.52,141971.62,-0.05,-1.09,4.582,4.556,4.614,155846.49,164666.46,159912.12,0.82
2014-05-28,4.55,4.59,4.58,4.51,173337.88,0.03,0.66,4.596,4.562,4.623,192606.59,166643.77,160495.55,1.0
2014-05-27,4.63,4.63,4.55,4.54,156123.98,-0.08,-1.73,4.586,4.571,4.625,177829.12,161181.04,163642.93,0.9
2014-05-26,4.62,4.66,4.63,4.6,139107.42,0.01,0.22,4.576,4.584,4.636,169647.84,159497.66,165671.25,0.8
2014-05-23,4.57,4.64,4.62,4.55,168691.53,0.02,0.43,4.546,4.592,4.647,168567.98,168650.4,166625.02,0.97
2014-05-22,4.54,4.71,4.6,4.53,325772.16,0.07,1.54,4.53,4.593,4.658,173486.43,169869.68,166645.21,1.88
2014-05-21,4.48,4.54,4.53,4.46,99450.52,0.03,0.67,4.528,4.595,4.673,140680.94,156396.7,165170.63,0.57
2014-05-20,4.52,4.55,4.5,4.48,115217.59,0.02,0.45,4.556,4.607,4.692,144532.96,160520.63,185496.11,0.67
2014-05-19,4.52,4.53,4.48,4.47,133708.12,-0.06,-1.32,4.592,4.632,4.722,149347.48,164333.58,187076.42,0.77
2014-05-16,4.59,4.59,4.54,4.48,193283.77,-0.05,-1.09,4.638,4.656,4.753,168732.81,163095.01,189451.89,1.12
2014-05-15,4.68,4.69,4.59,4.57,161744.7,-0.08,-1.71,4.656,4.672,4.781,166252.92,155157.77,188554.78,0.93
2014-05-14,4.68,4.71,4.67,4.66,118710.6,-0.01,-0.21,4.662,4.683,4.807,172112.45,154347.34,194359.92,0.69
2014-05-13,4.71,4.72,4.68,4.67,139290.22,-0.03,-0.64,4.658,4.679,4.834,176508.31,166104.83,202427.35,0.8
2014-05-12,4.65,4.73,4.71,4.63,230634.77,0.09,1.95,4.672,4.687,4.858,179319.67,171844.83,208233.16,1.33
2014-05-09,4.64,4.67,4.63,4.56,180884.31,0.01,0.22,4.674,4.701,4.884,157457.21,164599.64,218013.14,1.05
2014-05-08,4.63,4.7,4.62,4.62,191042.36,-0.03,-0.65,4.688,4.723,4.917,144062.63,163420.75,238466.92,1.1
2014-05-07,4.73,4.73,4.65,4.62,140689.88,-0.1,-2.1,4.704,4.75,4.945,136582.23,173944.56,240977.55,0.81
2014-05-06,4.72,4.78,4.75,4.71,153347.02,0.03,0.64,4.7,4.777,4.969,155701.35,210471.58,239828.17,0.89
2014-05-05,4.7,4.74,4.72,4.67,121322.48,0.02,0.43,4.702,4.812,4.987,164369.99,209819.27,240375.68,0.7
2014-04-30,4.7,4.74,4.7,4.66,113911.4,0.0,0.0,4.728,4.849,5.009,171742.07,215808.77,243653.4,0.66
2014-04-29,4.63,4.73,4.7,4.63,153640.38,0.07,1.51,4.758,4.89,5.033,182778.88,221951.79,254128.36,0.89
2014-04-28,4.74,4.76,4.63,4.62,236285.45,-0.13,-2.73,4.796,4.931,5.051,211306.88,234372.51,253746.19,1.37
2014-04-25,4.88,4.9,4.76,4.75,196690.25,-0.09,-1.86,4.854,4.988,5.073,265241.82,238749.87,254075.06,1.14
2014-04-24,4.85,4.91,4.85,4.84,158182.86,0.0,0.0,4.922,5.028,5.09,255268.55,244621.49,257051.73,0.91
2014-04-23,4.88,4.92,4.85,4.82,169095.45,-0.04,-0.82,4.97,5.067,5.107,259875.48,271426.63,259762.02,0.98
2014-04-22,4.9,4.94,4.89,4.79,296280.41,-0.03,-0.61,5.022,5.111,5.124,261124.71,313513.09,266681.39,1.71
2014-04-21,5.05,5.07,4.92,4.9,505960.12,-0.18,-3.53,5.066,5.14,5.139,257438.13,308010.54,269342.13,2.92
2014-04-18,5.09,5.12,5.1,5.07,146823.91,0.01,0.2,5.122,5.161,5.151,212257.92,269184.76,258676.24,0.85
2014-04-17,5.12,5.13,5.09,5.08,181217.52,-0.02,-0.39,5.134,5.162,5.151,233974.43,270932.09,266038.87,1.05
2014-04-16,5.11,5.14,5.11,5.08,175341.59,0.0,0.0,5.164,5.169,5.154,282977.78,271498.03,270598.88,1.01
2014-04-15,5.2,5.21,5.11,5.09,277847.5,-0.09,-1.73,5.2,5.176,5.16,365901.48,286304.92,278489.06,1.61
2014-04-14,5.2,5.27,5.2,5.2,280059.09,0.04,0.78,5.214,5.171,5.163,358582.96,273119.88,274609.31,1.62
2014-04-11,5.22,5.22,5.16,5.14,255406.45,-0.06,-1.15,5.2,5.158,5.159,326111.59,269400.26,269409.98,1.48
2014-04-10,5.28,5.28,5.24,5.2,426234.28,-0.05,-0.94,5.19,5.152,5.159,307889.75,269481.97,266836.61,2.46
2014-04-09,5.19,5.3,5.29,5.16,589960.06,0.11,2.12,5.174,5.146,5.152,260018.28,248097.4,257606.06,3.41
2014-04-08,5.1,5.18,5.18,5.09,241254.91,0.05,0.97,5.152,5.137,5.144,206708.37,219849.69,240991.88,1.39
2014-04-04,5.1,5.14,5.13,5.09,117702.26,0.02,0.39,5.128,5.137,5.142,187656.81,230673.71,244725.07,0.68
2014-04-03,5.15,5.17,5.11,5.09,164297.23,-0.05,-0.97,5.116,5.14,5.148,212688.92,248167.73,251717.76,0.95
2014-04-02,5.15,5.2,5.16,5.11,186876.94,-0.02,-0.39,5.114,5.139,5.16,231074.2,261145.65,258352.53,1.08
2014-04-01,5.05,5.22,5.18,5.05,323410.5,0.12,2.37,5.118,5.138,5.171,236176.52,269699.72,272460.79,1.87
2014-03-31,5.07,5.1,5.06,5.04,145997.11,-0.01,-0.2,5.122,5.144,5.182,232991.01,270673.19,277830.76,0.84
2014-03-28,5.09,5.14,5.07,5.04,242862.81,-0.03,-0.59,5.146,5.155,5.204,273690.62,276098.74,305045.96,1.4
2014-03-27,5.18,5.18,5.1,5.1,256223.62,-0.08,-1.54,5.164,5.16,5.209,283646.54,269419.71,307152.64,1.48
2014-03-26,5.21,5.23,5.18,5.15,212388.55,-0.02,-0.39,5.164,5.165,5.211,291217.11,264191.24,311518.85,1.23
2014-03-25,5.22,5.25,5.2,5.16,307482.94,0.02,0.39,5.158,5.157,5.213,303222.93,267114.73,316867.29,1.78
2014-03-24,5.16,5.22,5.18,5.13,349495.16,0.02,0.39,5.166,5.15,5.212,308355.38,262134.07,333561.98,2.02
2014-03-21,5.08,5.18,5.16,5.04,292642.44,0.06,1.18,5.164,5.146,5.223,278506.86,258776.43,344643.72,1.69
2014-03-20,5.13,5.18,5.1,5.06,294076.44,-0.05,-0.97,5.156,5.155,5.24,255192.88,255267.79,346974.75,1.7
2014-03-19,5.2,5.2,5.15,5.08,272417.66,-0.09,-1.72,5.166,5.18,5.262,237165.37,255559.41,354451.46,1.57
2014-03-18,5.17,5.28,5.24,5.14,333145.19,0.07,1.35,5.156,5.203,5.289,231006.53,275221.85,364967.87,1.93
2014-03-17,5.15,5.18,5.17,5.1,200252.58,0.05,0.98,5.134,5.219,5.313,215912.77,284988.32,386088.95,1.16
2014-03-14,5.15,5.15,5.12,5.07,176072.53,-0.03,-0.58,5.128,5.252,5.336,239046.0,333993.19,401498.27,1.02
2014-03-13,5.1,5.17,5.15,5.09,203938.91,0.05,0.98,5.154,5.258,5.358,255342.71,344885.58,408799.33,1.18
2014-03-12,5.13,5.16,5.1,5.04,241623.45,-0.03,-0.58,5.194,5.256,5.375,273953.44,358846.47,423790.68,1.4
2014-03-11,5.11,5.19,5.13,5.09,257676.38,-0.01,-0.2,5.25,5.269,5.401,319437.17,366619.85,451531.16,1.49
2014-03-10,5.21,5.32,5.14,5.12,315918.72,-0.11,-2.1,5.304,5.274,5.424,354063.87,404989.88,486546.69,1.83
2014-03-07,5.37,5.38,5.25,5.23,257556.08,-0.1,-1.87,5.376,5.299,5.433,428940.37,430511.01,502128.14,1.49
2014-03-06,5.34,5.39,5.35,5.25,296992.56,-0.03,-0.56,5.362,5.325,5.426,434428.44,438681.7,504686.92,1.72
2014-03-05,5.48,5.59,5.38,5.35,469042.09,-0.02,-0.37,5.318,5.343,5.41,443739.49,453343.52,498044.83,2.71
2014-03-04,5.43,5.45,5.4,5.33,430809.88,-0.1,-1.82,5.288,5.375,5.394,413802.54,454713.89,486426.65,2.49
2014-03-03,5.19,5.52,5.5,5.15,690301.25,0.32,6.18,5.244,5.406,5.377,455915.9,487189.58,475289.46,3.99
2014-02-28,5.13,5.19,5.18,5.06,284996.44,0.05,0.97,5.222,5.42,5.355,432081.65,469003.36,455051.14,1.65
2014-02-27,5.25,5.25,5.13,5.1,343547.81,-0.1,-1.91,5.288,5.457,5.349,442934.96,472713.09,457862.87,1.99
2014-02-26,5.15,5.23,5.23,5.05,319357.31,0.05,0.96,5.368,5.493,5.345,462947.54,488734.88,460073.4,1.85
2014-02-25,5.39,5.45,5.18,5.14,641376.69,-0.21,-3.9,5.462,5.533,5.337,495625.24,536442.47,470170.03,3.71
2014-02-24,5.51,5.55,5.39,5.28,571130.0,-0.12,-2.18,5.568,5.573,5.321,518463.27,568103.5,448445.73,3.3
2014-02-21,5.53,5.61,5.51,5.42,339263.0,-0.02,-0.36,5.618,5.567,5.293,505925.06,573745.28,432814.29,1.96
2014-02-20,5.69,5.72,5.53,5.51,443610.72,-0.17,-2.98,5.626,5.527,5.257,502491.21,570692.15,434509.4,2.56
2014-02-19,5.73,5.79,5.7,5.65,482745.81,-0.01,-0.17,5.618,5.476,5.228,514522.22,542746.15,426612.11,2.79
2014-02-18,5.66,5.8,5.71,5.55,755566.81,0.07,1.24,5.604,5.412,5.19,577259.7,518139.41,422047.38,4.37
2014-02-17,5.59,5.72,5.64,5.59,508438.97,0.09,1.62,5.578,5.347,5.155,617743.73,463389.34,408320.84,2.94
2014-02-14,5.48,5.58,5.55,5.46,322093.75,0.06,1.09,5.516,5.289,5.118,641565.49,441098.92,434359.45,1.86
2014-02-13,5.62,5.68,5.49,5.49,503765.78,-0.14,-2.49,5.428,5.241,5.112,638893.08,443012.65,442059.51,2.91
2014-02-12,5.61,5.8,5.63,5.56,796433.19,0.05,0.9,5.334,5.197,5.125,570970.07,431411.91,437365.17,4.6
2014-02-11,5.33,5.79,5.58,5.25,957986.94,0.25,4.69,5.22,5.14,5.131,459019.12,403897.6,412419.06,5.54
2014-02-10,5.12,5.38,5.33,5.11,627547.81,0.22,4.3,5.116,5.069,5.138,309034.95,328787.96,375456.43,3.63
2014-02-07,5.0,5.14,5.11,4.98,308731.69,0.09,1.79,5.062,5.019,5.16,240632.35,291883.31,368094.36,1.78
2014-01-30,5.05,5.05,5.02,5.0,164150.73,-0.04,-0.79,5.054,4.986,5.197,247132.21,298326.64,376933.81,0.95
2014-01-29,5.07,5.09,5.06,5.02,236678.41,0.0,0.0,5.06,4.979,5.235,291853.74,310478.07,380818.97,1.37
2014-01-28,5.06,5.1,5.06,5.01,208066.12,0.0,0.0,5.06,4.967,5.27,348776.07,325955.36,383747.55,1.2
2014-01-27,5.05,5.11,5.06,5.03,285534.81,-0.01,-0.2,5.022,4.962,5.3,348540.96,353252.34,385544.48,1.65
2014-01-24,5.04,5.11,5.07,5.01,341230.97,0.02,0.4,4.976,4.946,5.33,343134.26,427619.99,386484.73,1.97
2014-01-23,5.08,5.16,5.05,5.03,387758.41,-0.01,-0.2,4.918,4.983,5.357,349521.08,441106.37,389088.42,2.24
2014-01-22,4.88,5.07,5.06,4.88,521290.06,0.19,3.9,4.898,5.052,5.395,329102.4,443318.44,383673.19,3.01
2014-01-21,4.83,4.94,4.87,4.82,206890.56,0.04,0.83,4.874,5.122,5.431,303134.64,420940.53,372544.14,1.2
2014-01-20,4.75,4.92,4.83,4.74,258501.31,0.05,1.05,4.902,5.207,5.475,357963.72,422124.9,375620.85,1.49
2014-01-17,4.93,4.93,4.78,4.77,373165.06,-0.17,-3.43,4.916,5.301,5.521,512105.71,444305.41,380608.2,2.16
2014-01-16,4.96,4.97,4.95,4.89,285665.0,0.01,0.2,5.048,5.408,5.575,532691.66,455540.98,380698.17,1.65
2014-01-15,5.01,5.05,4.94,4.88,391451.25,-0.07,-1.4,5.206,5.49,5.622,557534.48,451159.88,384023.93,2.26
2014-01-14,4.88,5.09,5.01,4.82,481036.0,0.11,2.25,5.37,5.572,5.666,538746.43,441539.74,382888.74,2.78
2014-01-13,5.18,5.18,4.9,4.9,1029211.25,-0.54,-9.93,5.512,5.638,5.71,486286.07,417836.61,387188.93,5.95
2014-01-10,5.74,5.74,5.44,5.41,476094.81,-0.3,-5.23,5.686,5.714,5.763,376505.11,345349.48,361741.32,2.75
2014-01-09,5.73,5.88,5.74,5.66,409879.09,-0.02,-0.35,5.768,5.73,5.791,378390.31,337070.47,367918.51,2.37
2014-01-08,5.77,5.82,5.76,5.72,297511.0,0.04,0.7,5.774,5.737,5.807,344785.28,324027.95,380174.02,1.72
2014-01-07,5.75,5.82,5.72,5.72,218734.22,-0.05,-0.87,5.774,5.739,5.822,344333.06,324147.74,400311.97,1.26
2014-01-06,5.83,5.94,5.77,5.72,480306.41,-0.08,-1.37,5.764,5.743,5.846,349387.15,329116.79,435744.24,2.78
2014-01-03,5.77,5.92,5.85,5.71,485520.81,0.08,1.39,5.742,5.74,5.862,314193.85,316910.99,441033.08,2.81
2014-01-02,5.75,5.82,5.77,5.72,241853.94,0.01,0.17,5.692,5.742,5.873,295750.62,305855.35,456391.22,1.4
2013-12-31,5.66,5.78,5.76,5.61,295249.91,0.09,1.59,5.7,5.753,5.888,303270.62,316887.98,494850.07,1.71
2013-12-30,5.72,5.73,5.67,5.66,244004.67,0.01,0.18,5.704,5.759,5.893,303962.42,324237.74,506942.99,1.41
2013-12-27,5.6,5.7,5.66,5.59,304339.91,0.06,1.07,5.722,5.782,5.896,308846.44,356541.24,551828.01,1.76
2013-12-26,5.78,5.82,5.6,5.6,393304.69,-0.21,-3.61,5.738,5.812,5.917,319628.14,378133.16,574657.75,2.27
2013-12-25,5.8,5.83,5.81,5.72,279453.94,0.03,0.52,5.792,5.851,5.939,315960.08,398766.55,589293.18,1.61
2013-12-24,5.8,5.87,5.78,5.74,298708.88,0.02,0.35,5.806,5.876,5.953,330505.33,436320.1,620978.73,1.73
2013-12-23,5.74,5.82,5.76,5.67,268424.78,0.02,0.35,5.814,5.905,5.964,344513.05,476476.2,645514.37,1.55
2013-12-20,5.87,5.94,5.74,5.72,358248.41,-0.13,-2.21,5.842,5.948,5.982,404236.05,542371.69,670198.1,2.07
2013-12-19,5.95,5.99,5.87,5.85,374964.38,-0.01,-0.17,5.886,5.983,6.007,436638.19,565155.17,703850.25,2.17
2013-12-18,5.82,5.94,5.88,5.81,352180.19,0.06,1.03,5.91,6.004,6.023,481573.01,606927.08,732659.77,2.04
2013-12-17,5.89,5.93,5.82,5.82,368747.5,-0.08,-1.36,5.946,6.023,6.044,542134.86,672812.16,761247.1,2.13
2013-12-16,5.95,5.97,5.9,5.85,567039.75,-0.06,-1.01,5.996,6.027,6.067,608439.35,689648.25,811065.84,3.28
2013-12-13,5.94,5.99,5.96,5.9,520259.12,-0.03,-0.5,6.054,6.009,6.084,680507.34,747114.78,844550.65,3.01
2013-12-12,6.06,6.09,5.99,5.97,599638.5,-0.07,-1.16,6.08,6.021,6.092,693672.15,771182.34,885806.06,3.47
2013-12-11,6.05,6.16,6.06,6.01,654989.44,-0.01,-0.17,6.098,6.026,6.089,732281.15,779819.81,907218.42,3.78
2013-12-10,6.18,6.21,6.07,6.06,700269.94,-0.12,-1.94,6.1,6.029,6.078,803489.46,805637.37,927583.64,4.05
2013-12-09,6.14,6.21,6.19,6.08,927379.69,0.1,1.64,6.058,6.022,6.081,770857.15,814552.55,943932.53,5.36
2013-12-06,6.11,6.17,6.09,6.05,586083.19,0.01,0.16,5.964,6.016,6.078,813722.21,798024.5,935845.74,3.39
2013-12-05,6.1,6.21,6.08,6.04,792683.5,0.01,0.17,5.962,6.03,6.082,848692.53,842545.34,953688.44,4.58
2013-12-04,5.86,6.14,6.07,5.85,1011031.0,0.21,3.58,5.954,6.041,6.09,827358.46,858392.46,976636.2,5.84
2013-12-03,5.7,5.89,5.86,5.66,537108.38,0.14,2.45,5.958,6.064,6.099,807785.28,849682.05,1051293.44,3.1
2013-12-02,5.95,6.03,5.72,5.61,1141705.0,-0.36,-5.92,5.986,6.107,6.13,858247.94,932483.42,1124833.55,6.6
2013-11-29,6.09,6.14,6.08,6.0,760934.75,0.04,0.66,6.068,6.158,6.165,782326.79,941986.52,1181620.81,4.4
2013-11-28,6.08,6.12,6.04,6.02,686013.19,-0.05,-0.82,6.098,6.162,6.156,836398.15,1000429.78,1182015.45,3.96
2013-11-27,5.99,6.13,6.09,5.87,913165.06,0.09,1.5,6.128,6.152,6.155,889426.45,1034617.04,1213748.0,5.28
2013-11-26,6.14,6.15,6.0,5.95,789421.69,-0.13,-2.12,6.17,6.127,6.15,891578.81,1049529.92,1220546.42,4.56
2013-11-25,6.19,6.27,6.13,6.12,762099.25,-0.1,-1.6,6.228,6.14,6.147,1006718.9,1073312.51,1275123.34,4.4
2013-11-22,6.19,6.41,6.23,6.17,1031291.56,0.04,0.65,6.248,6.139,6.154,1101646.25,1073666.97,1306719.07,5.96
2013-11-21,6.24,6.27,6.19,6.15,951154.69,-0.11,-1.75,6.226,6.133,6.157,1164461.41,1064831.55,1373943.66,5.5
2013-11-20,6.29,6.34,6.3,6.19,923926.88,0.01,0.16,6.176,6.139,6.153,1179807.63,1094879.94,1417643.56,5.34
2013-11-19,6.23,6.44,6.29,6.18,1365122.12,0.06,0.96,6.084,6.134,6.157,1207481.03,1252904.83,1500586.28,7.89
2013-11-18,6.15,6.28,6.23,6.1,1236736.0,0.11,1.8,6.052,6.152,6.16,1139906.11,1317183.68,1620654.53,7.15
2013-11-15,5.97,6.25,6.12,5.88,1345367.38,0.18,3.03,6.03,6.171,6.163,1045687.69,1421255.1,1743505.8,7.77
2013-11-14,5.82,5.96,5.94,5.68,1027885.75,0.1,1.71,6.04,6.15,6.151,965201.68,1363601.12,1894777.83,5.94
2013-11-13,6.06,6.1,5.84,5.83,1062293.88,-0.29,-4.73,6.102,6.157,6.139,1009952.25,1392878.96,2051294.13,6.14
2013-11-12,6.15,6.22,6.13,6.01,1027247.56,0.01,0.16,6.184,6.172,6.106,1298328.62,1391562.93,2036101.55,5.94
2013-11-11,6.2,6.29,6.12,6.07,765643.88,-0.05,-0.81,6.252,6.154,6.061,1494461.24,1476934.17,2019679.44,4.42
2013-11-08,6.26,6.28,6.17,6.06,942937.31,-0.08,-1.28,6.312,6.169,6.02,1796822.51,1539771.16,2021746.53,5.45
2013-11-07,6.19,6.38,6.25,6.11,1251638.62,0.0,0.0,6.26,6.181,5.972,1762000.56,1683055.78,1997852.69,7.23
2013-11-06,6.43,6.77,6.25,6.23,2504175.75,-0.22,-3.4,6.212,6.166,5.919,1775805.66,1740407.18,1964323.14,14.47
2013-11-05,6.39,6.54,6.47,6.28,2007910.62,0.05,0.78,6.16,6.179,5.872,1484797.23,1748267.73,1888075.92,11.6
2013-11-04,5.95,6.45,6.42,5.94,2277450.25,0.51,8.63,6.056,6.167,5.808,1459407.11,1924125.39,1821635.97,13.16
2013-11-01,5.89,6.07,5.91,5.85,768827.56,-0.1,-1.66,6.026,6.155,5.737,1282719.81,2065756.49,1720781.11,4.44
2013-10-31,5.94,6.15,6.01,5.82,1320664.12,0.02,0.33,6.102,6.151,5.691,1604111.0,2425954.54,1702472.13,7.63
2013-10-30,5.9,6.06,5.99,5.85,1049133.62,0.04,0.67,6.12,6.12,5.64,1705008.7,2709709.3,1667187.14,6.06
2013-10-29,6.24,6.31,5.95,5.69,1880960.0,-0.32,-5.1,6.198,6.039,5.595,2011738.22,2680640.16,1652431.78,10.87
2013-10-28,6.26,6.4,6.27,6.06,1394013.75,-0.02,-0.32,6.278,5.967,5.56,2388843.67,2562424.71,1586981.99,8.06
2013-10-25,6.1,6.4,6.29,6.1,2375783.5,0.19,3.12,6.284,5.871,5.511,2848793.17,2503721.91,1548097.68,13.73
2013-10-24,6.25,6.32,6.1,6.01,1825152.62,-0.28,-4.39,6.2,5.763,5.458,3247798.07,2312649.61,1456098.92,10.55
2013-10-23,6.4,6.58,6.38,6.19,2582781.25,0.03,0.47,6.12,5.671,5.414,3714409.9,2188239.1,1394010.87,14.92
2013-10-22,6.21,6.76,6.35,6.21,3766487.25,0.05,0.79,5.88,5.564,5.358,3349542.1,2027884.12,1289305.96,21.77
2013-10-21,5.84,6.45,6.3,5.75,3693761.25,0.43,7.33,5.656,5.448,5.307,2736005.74,1719146.54,1124622.03,21.34
2013-10-18,5.65,6.1,5.87,5.56,4370808.0,0.17,2.98,5.458,5.319,5.257,2158650.64,1375805.72,971593.81,25.26
2013-10-17,5.26,5.7,5.7,5.26,4158211.75,0.52,10.04,5.326,5.231,5.233,1377501.14,978989.71,808620.83,24.03
2013-10-16,5.21,5.29,5.18,5.05,758442.25,-0.05,-0.96,5.222,5.16,5.217,662068.3,624664.98,651897.12,4.38
2013-10-15,5.31,5.31,5.23,5.18,698805.44,-0.08,-1.51,5.248,5.151,5.227,706226.14,624223.4,670649.61,4.04
2013-10-14,5.22,5.31,5.31,5.17,806985.75,0.1,1.92,5.24,5.153,5.229,702287.34,611539.28,690695.61,4.66
2013-10-11,5.19,5.29,5.21,5.19,465060.5,0.03,0.58,5.18,5.151,5.217,592960.81,592473.45,665282.08,2.69
2013-10-10,5.29,5.29,5.18,5.16,581047.56,-0.13,-2.45,5.136,5.153,5.21,580478.29,599548.23,665224.78,3.36
2013-10-09,5.17,5.38,5.31,5.13,979231.44,0.12,2.31,5.098,5.156,5.209,587261.66,599782.64,663409.63,5.66
2013-10-08,5.01,5.24,5.19,5.01,679111.44,0.18,3.59,5.054,5.152,5.196,542220.66,550727.8,640316.34,3.92
2013-09-30,5.0,5.04,5.01,4.97,260353.11,0.02,0.4,5.066,5.165,5.187,520791.22,530097.52,662407.89,1.5
2013-09-27,5.0,5.04,4.99,4.98,402647.91,0.0,0.0,5.122,5.195,5.197,591986.1,567381.9,673758.0,2.33
2013-09-26,5.09,5.13,4.99,4.98,614964.38,-0.1,-1.97,5.17,5.235,5.209,618618.18,638251.94,688783.04,3.55
2013-09-25,5.22,5.25,5.09,5.08,754026.44,-0.16,-3.05,5.214,5.274,5.228,612303.62,679129.27,683844.26,4.36
2013-09-24,5.28,5.34,5.25,5.24,571964.25,-0.04,-0.76,5.25,5.302,5.244,559234.95,717075.82,676760.09,3.31
2013-09-23,5.28,5.31,5.29,5.19,616327.5,0.06,1.15,5.264,5.304,5.246,539403.82,769851.95,684243.07,3.56
2013-09-18,5.2,5.25,5.23,5.1,535808.31,0.02,0.38,5.268,5.282,5.252,542777.71,738090.72,682661.14,3.1
2013-09-17,5.3,5.36,5.21,5.21,583391.62,-0.06,-1.14,5.3,5.266,5.265,657885.7,730901.33,685777.03,3.37
2013-09-16,5.31,5.35,5.27,5.22,488683.06,-0.05,-0.94,5.334,5.262,5.277,745954.91,727036.62,687155.06,2.82
2013-09-13,5.35,5.41,5.32,5.3,472808.62,0.01,0.19,5.354,5.24,5.289,874916.7,729904.88,695277.09,2.73
2013-09-12,5.35,5.38,5.31,5.3,633196.94,-0.08,-1.48,5.344,5.208,5.298,1000300.08,794718.25,715951.91,3.66
2013-09-11,5.4,5.47,5.39,5.25,1111348.25,0.01,0.19,5.296,5.198,5.31,933403.72,780134.11,716097.25,6.42
2013-09-10,5.44,5.49,5.38,5.35,1023737.69,0.01,0.19,5.232,5.182,5.322,803916.95,739314.15,703252.02,5.92
2013-09-09,5.22,5.41,5.37,5.22,1133492.0,0.1,1.9,5.19,5.181,5.339,708118.33,688559.26,686410.47,6.55
2013-09-06,5.07,5.38,5.27,5.02,1099725.5,0.2,3.94,5.126,5.185,5.358,584893.05,636444.35,696985.56,6.35
2013-09-05,5.07,5.12,5.07,5.05,298715.16,0.0,0.0,5.072,5.188,5.376,589136.43,598634.18,681540.51,1.73
2013-09-04,5.17,5.17,5.07,5.06,463914.41,-0.1,-1.93,5.1,5.221,5.404,626864.49,627231.56,712246.9,2.68
2013-09-03,5.04,5.2,5.17,5.02,544744.56,0.12,2.38,5.132,5.264,5.434,674711.35,640652.74,763406.94,3.15
2013-09-02,4.98,5.09,5.05,4.92,517365.62,0.05,1.0,5.172,5.291,5.459,669000.19,647273.51,781817.47,2.99
2013-08-30,5.24,5.24,5.0,4.96,1120942.38,-0.21,-4.03,5.244,5.337,5.489,687995.66,660649.3,792367.96,6.48
2013-08-29,5.23,5.3,5.21,5.19,487355.5,-0.02,-0.38,5.304,5.387,5.519,608131.94,637185.58,790103.92,2.82
2013-08-28,5.33,5.33,5.23,5.22,703148.69,-0.14,-2.61,5.342,5.421,5.543,627598.62,652060.39,840838.73,4.06
2013-08-27,5.41,5.41,5.37,5.33,516188.78,-0.04,-0.74,5.396,5.461,5.555,606594.13,667189.9,863071.2,2.98
2013-08-26,5.31,5.42,5.41,5.26,612342.94,0.11,2.08,5.41,5.497,5.552,625546.83,684261.68,879820.44,3.54
2013-08-23,5.41,5.45,5.3,5.21,721623.81,-0.1,-1.85,5.43,5.531,5.545,633302.94,757526.77,907480.65,4.17
2013-08-22,5.48,5.48,5.4,5.39,584688.88,-0.1,-1.82,5.47,5.563,5.56,666239.21,764446.83,932304.91,3.38
2013-08-21,5.43,5.56,5.5,5.41,598126.25,0.06,1.1,5.5,5.587,5.568,676522.16,797262.24,1012843.37,3.46
2013-08-20,5.48,5.52,5.44,5.41,610952.25,-0.07,-1.27,5.526,5.604,5.576,727785.66,886161.13,1103238.6,3.53
2013-08-19,5.45,5.55,5.51,5.41,651123.5,0.01,0.18,5.584,5.626,5.565,742976.52,916361.43,1142984.76,3.76
2013-08-16,5.51,5.7,5.5,5.47,886305.19,-0.05,-0.9,5.632,5.64,5.546,881750.6,924086.61,1160528.21,5.12
2013-08-15,5.56,5.64,5.55,5.54,636103.62,-0.08,-1.42,5.656,5.65,5.512,862654.44,943022.27,1161604.18,3.68
2013-08-14,5.73,5.73,5.63,5.59,854443.75,-0.1,-1.75,5.674,5.664,5.486,918002.33,1029617.07,1160306.53,4.94
2013-08-13,5.74,5.79,5.73,5.68,686906.56,-0.02,-0.35,5.682,5.648,5.456,1044536.6,1058952.49,1159899.2,3.97
2013-08-12,5.8,5.86,5.75,5.7,1344993.88,0.13,2.31,5.668,5.606,5.429,1089746.34,1075379.2,1165791.78,7.77
2013-08-09,5.64,5.68,5.62,5.54,790824.38,-0.02,-0.35,5.648,5.559,5.399,966422.62,1057434.52,1153696.3,4.57
2013-08-08,5.64,5.75,5.64,5.61,912843.06,-0.03,-0.53,5.644,5.557,5.37,1023390.1,1100162.99,1183616.9,5.27
2013-08-07,5.62,5.83,5.67,5.55,1487115.12,0.01,0.18,5.654,5.549,5.338,1141231.81,1228424.5,1207783.14,8.59
2013-08-06,5.65,5.68,5.66,5.52,912955.25,0.01,0.18,5.614,5.547,5.298,1073368.39,1320316.07,1184338.65,5.28
2013-08-05,5.6,5.72,5.65,5.56,728375.31,0.05,0.89,5.544,5.504,5.241,1061012.06,1369608.09,1160422.74,4.21
2013-08-02,5.72,5.73,5.6,5.58,1075661.75,-0.09,-1.58,5.47,5.451,5.183,1148446.42,1396969.81,1164239.07,6.22
2013-08-01,5.62,5.75,5.69,5.52,1502051.62,0.22,4.02,5.47,5.373,5.146,1176935.87,1380186.1,1142935.92,8.68
2013-07-31,5.36,5.64,5.47,5.34,1147798.0,0.16,3.01,5.444,5.308,5.107,1315617.2,1290995.99,1109348.12,6.63
2013-07-30,5.32,5.4,5.31,5.11,851173.62,0.03,0.57,5.48,5.264,5.079,1567263.75,1260845.92,1093224.94,4.92
2013-07-29,5.5,5.56,5.28,5.25,1165547.12,-0.32,-5.71,5.464,5.251,5.065,1678204.12,1256204.36,1099812.41,6.74
2013-07-26,5.52,5.68,5.6,5.43,1218109.0,0.04,0.72,5.432,5.239,5.046,1645493.2,1249958.08,1076336.64,7.04
2013-07-25,5.62,5.85,5.56,5.56,2195458.25,-0.09,-1.59,5.276,5.183,5.007,1583436.32,1267070.81,1068241.5,12.69
2013-07-24,5.16,5.74,5.65,5.1,2406030.75,0.42,8.03,5.172,5.127,4.971,1266374.77,1187141.77,1058717.45,13.9
2013-07-23,5.17,5.35,5.23,5.13,1405875.5,0.11,2.15,5.048,5.049,4.917,954428.09,1048361.23,990771.1,8.12
2013-07-22,4.71,5.13,5.12,4.7,1001992.5,0.3,6.22,5.038,4.977,4.882,834204.59,951237.39,992830.91,5.79
2013-07-19,5.02,5.07,4.82,4.82,907824.62,-0.22,-4.37,5.046,4.915,4.852,854422.96,931508.32,997508.59,5.25
2013-07-18,4.97,5.05,5.04,4.92,610150.5,0.01,0.2,5.09,4.918,4.861,950705.29,905685.74,989782.09,3.53
2013-07-17,5.18,5.19,5.03,5.01,846297.31,-0.15,-2.9,5.082,4.905,4.868,1107908.76,927700.26,991625.99,4.89
2013-07-16,5.16,5.19,5.18,5.07,804758.0,0.02,0.39,5.05,4.894,4.888,1142294.38,925603.95,977136.29,4.65
2013-07-15,5.15,5.22,5.16,5.07,1103084.38,0.12,2.38,4.916,4.879,4.907,1068270.2,943420.46,973489.31,6.37
2013-07-12,5.0,5.24,5.04,4.93,1389236.25,0.04,0.8,4.784,4.853,4.922,1008593.68,902715.2,948756.01,8.03
2013-07-11,4.83,5.08,5.0,4.79,1396167.88,0.13,2.67,4.746,4.83,4.949,860666.18,869412.18,914706.14,8.07
2013-07-10,4.52,4.88,4.87,4.49,1018225.38,0.36,7.98,4.728,4.814,4.974,747491.76,930293.13,882935.14,5.88
2013-07-09,4.5,4.57,4.51,4.44,434637.09,0.01,0.22,4.738,4.785,5.016,708913.53,933180.97,876751.81,2.51
2013-07-08,4.72,4.75,4.5,4.48,804701.81,-0.35,-7.22,4.842,4.787,5.089,818570.72,1034424.43,897854.94,4.65
2013-07-05,4.92,4.98,4.85,4.85,649598.75,-0.06,-1.22,4.922,4.788,5.16,796836.71,1063508.85,895145.46,3.75
2013-07-04,4.91,5.0,4.91,4.8,830295.75,-0.01,-0.2,4.914,4.804,5.218,878158.19,1073878.45,909067.31,4.8
2013-07-03,5.03,5.03,4.92,4.82,825334.25,-0.11,-2.19,4.9,4.831,5.277,1113094.51,1055551.73,929136.3,4.77
2013-07-02,4.96,5.04,5.03,4.91,982923.06,0.13,2.65,4.832,4.881,5.342,1157448.4,1028668.63,946610.87,5.68
2013-07-01,4.83,4.92,4.9,4.77,696031.75,0.09,1.87,4.732,4.934,5.404,1250278.14,1003558.16,952563.81,4.02
2013-06-28,4.7,4.96,4.81,4.7,1056206.12,-0.03,-0.62,4.654,4.991,5.475,1330180.99,994796.83,989926.55,6.1
2013-06-27,4.68,5.04,4.84,4.62,2004977.38,0.26,5.68,4.694,5.068,5.55,1269598.71,960000.1,1001238.0,11.59
2013-06-26,4.49,4.59,4.58,4.39,1047103.69,0.05,1.1,4.762,5.133,5.627,998008.94,835577.14,987127.11,6.05
2013-06-25,4.44,4.61,4.53,4.06,1447071.75,0.02,0.44,4.93,5.247,5.712,899888.85,820322.66,996786.49,8.36
2013-06-24,5.0,5.0,4.51,4.51,1095546.0,-0.5,-9.98,5.136,5.391,5.796,756838.19,761285.44,999464.37,6.33
2013-06-21,5.04,5.07,5.01,4.88,753294.75,-0.17,-3.28,5.328,5.532,5.884,659412.66,726782.08,1057573.9,4.35
2013-06-20,5.36,5.46,5.18,5.16,647028.5,-0.24,-4.43,5.442,5.631,5.953,650401.49,744256.17,1195221.66,3.74
2013-06-19,5.49,5.52,5.42,5.38,556503.25,-0.14,-2.52,5.504,5.722,5.994,673145.35,802720.88,1245670.92,3.22
2013-06-18,5.49,5.62,5.56,5.39,731818.44,0.09,1.65,5.564,5.803,6.021,740756.48,864553.11,1284209.31,4.23
2013-06-17,5.6,5.63,5.47,5.45,608418.38,-0.11,-1.97,5.646,5.873,6.043,765732.69,901569.45,1315331.5,3.52
2013-06-14,5.52,5.63,5.58,5.45,708238.88,0.09,1.64,5.736,5.959,6.073,794151.49,985056.26,1359416.56,4.09
2013-06-13,5.65,5.65,5.49,5.32,760747.81,-0.23,-4.02,5.82,6.031,6.088,838110.85,1042475.89,1385139.76,4.4
2013-06-07,6.06,6.06,5.72,5.67,894558.88,-0.25,-4.19,5.94,6.12,6.112,932296.41,1138677.07,1415068.04,5.17
2013-06-06,5.92,5.99,5.97,5.82,856699.5,0.05,0.84,6.042,6.177,6.129,988349.74,1173250.32,1449775.0,4.95
2013-06-05,6.0,6.04,5.92,5.85,750512.38,-0.08,-1.33,6.1,6.2,6.138,1037406.21,1237643.31,1526561.47,4.34
2013-06-04,6.09,6.18,6.0,5.93,928035.69,-0.09,-1.48,6.182,6.235,6.144,1175961.04,1388365.72,1602714.1,5.36
2013-06-03,6.2,6.26,6.09,6.08,1231675.62,-0.14,-2.25,6.242,6.274,6.145,1246840.92,1646187.15,1710129.64,7.12
2013-05-31,6.24,6.36,6.23,6.23,1174825.5,-0.03,-0.48,6.3,6.265,6.121,1345057.72,1688620.96,1745388.61,6.79
2013-05-30,6.35,6.35,6.26,6.23,1101981.88,-0.07,-1.11,6.312,6.239,6.083,1358150.9,1703865.51,1769798.49,6.37
2013-05-29,6.3,6.46,6.33,6.26,1443286.5,0.03,0.48,6.3,6.212,6.039,1437880.4,1729093.55,1787340.61,8.34
2013-05-28,6.34,6.39,6.3,6.2,1282435.12,-0.08,-1.25,6.288,6.186,5.987,1600770.4,1733776.86,1857589.87,7.41
2013-05-27,6.34,6.5,6.38,6.33,1722759.62,0.09,1.43,6.306,6.145,5.963,2045533.38,1727803.64,2027998.99,9.96
2013-05-24,6.18,6.29,6.29,6.12,1240291.38,0.09,1.45,6.23,6.104,5.966,2032184.2,1691459.0,2094814.27,7.17
2013-05-23,6.27,6.38,6.2,6.18,1500629.38,-0.07,-1.12,6.166,6.08,5.967,2049580.13,1726299.68,2176827.61,8.67
2013-05-22,6.42,6.47,6.27,6.2,2257736.5,-0.12,-1.88,6.124,6.075,5.967,2020306.7,1815479.64,2321893.37,13.05
2013-05-21,6.0,6.46,6.39,5.91,3506250.0,0.39,6.5,6.084,6.052,6.286,1866783.32,1817062.49,2299803.99,20.26
2013-05-20,5.96,6.13,6.0,5.92,1656013.75,0.03,0.5,5.984,6.015,6.547,1410073.9,1774072.14,2199686.84,9.57
2013-05-17,6.0,6.02,5.97,5.89,1327271.0,-0.02,-0.33,5.978,5.976,6.79,1350733.8,1802156.25,2144110.56,7.67
2013-05-16,6.04,6.05,5.99,5.93,1354262.25,-0.08,-1.32,5.994,5.926,7.033,1403019.22,1835731.48,2106428.49,7.83
2013-05-15,5.85,6.07,6.07,5.84,1490119.62,0.18,3.06,6.026,5.866,7.262,1610652.57,1845587.66,2068986.68,8.61
2013-05-14,5.97,5.98,5.89,5.73,1222702.88,-0.08,-1.34,6.02,5.788,7.487,1767341.65,1981402.88,2036716.48,7.07
2013-05-13,6.05,6.15,5.97,5.88,1359313.25,-0.08,-1.32,6.046,5.78,7.745,2138070.37,2328194.34,2014122.85,7.85
2013-05-10,6.2,6.23,6.05,6.01,1588698.12,-0.1,-1.63,5.974,5.828,7.999,2253578.7,2498169.54,1999458.4,9.18
2013-05-09,6.05,6.23,6.15,5.94,2392429.0,0.11,1.82,5.858,5.854,8.272,2268443.73,2627355.55,1964812.27,13.82
2013-05-08,6.03,6.14,6.04,5.83,2273565.0,0.02,0.33,5.706,5.858,8.547,2080522.75,2828307.1,1893505.93,13.14
2013-05-07,5.58,6.07,6.02,5.54,3076346.5,0.41,7.31,5.556,6.52,8.804,2195464.1,2782545.5,1814679.23,17.78
2013-05-06,5.43,5.67,5.61,5.32,1936854.88,0.14,2.56,5.514,7.079,9.073,2518318.3,2625301.54,1724988.95,11.19
2013-05-03,5.41,5.66,5.47,5.4,1663023.25,0.08,1.48,5.682,7.604,9.366,2742760.37,2486064.87,1691886.16,9.61
2013-05-02,5.21,5.45,5.39,5.17,1452824.12,0.1,1.89,5.85,8.14,9.621,2986267.37,2377125.5,1657320.77,8.4
2013-04-26,5.64,5.72,5.29,5.27,2848271.75,-0.52,-8.95,6.01,8.657,9.9,3576091.45,2292385.69,1642298.64,16.46
2013-04-25,5.95,6.21,5.81,5.81,4690617.5,-0.64,-9.92,7.484,9.186,10.2,3369626.9,2092030.08,1551128.13,27.11
2013-04-24,6.32,6.58,6.45,6.24,3059065.25,0.14,2.22,8.644,9.709,10.467,2732284.78,1700051.37,1381358.75,17.68
2013-04-23,6.09,6.35,6.31,6.03,2880558.25,0.12,1.94,9.526,10.17,10.693,2229369.36,1500747.26,1316898.55,16.65
2013-04-22,6.33,6.54,6.19,6.11,4401944.5,-0.12,-1.9,10.43,10.689,10.928,1767983.63,1302268.99,1245135.32,25.44
2013-04-19,11.58,12.66,12.66,11.5,1815949.0,1.05,9.04,11.304,11.235,11.161,1008679.93,958704.77,1127808.69,20.99
2013-04-18,10.8,11.85,11.61,10.78,1503906.88,0.75,6.91,10.888,11.088,11.034,814433.26,846812.95,1109377.88,17.38
2013-04-17,10.72,10.89,10.86,10.63,544488.19,0.03,0.28,10.774,11.067,10.945,667817.96,824676.36,1132840.93,6.29
2013-04-16,10.38,10.89,10.83,10.38,573629.56,0.27,2.56,10.814,11.128,10.914,772125.15,897707.44,1225353.61,6.63
2013-04-15,10.67,10.83,10.56,10.56,605426.0,-0.02,-0.19,10.948,11.102,10.84,836554.35,937516.04,1281375.85,7.0
2013-04-12,10.91,11.11,10.58,10.53,844715.69,-0.46,-4.17,11.166,11.142,10.76,908729.61,992211.59,1277880.68,9.76
2013-04-11,11.05,11.27,11.04,10.95,770830.38,-0.02,-0.18,11.288,11.213,10.671,879192.64,1010226.17,1259923.35,8.91
2013-04-10,11.35,11.35,11.06,10.86,1066024.12,-0.44,-3.83,11.36,11.224,10.562,981534.76,1062666.14,1270584.44,12.32
2013-04-09,11.69,11.85,11.5,11.42,895775.56,-0.15,-1.29,11.442,11.216,10.471,1023289.74,1133049.85,1260327.64,10.35
2013-04-08,10.8,11.75,11.65,10.71,966302.31,0.46,4.11,11.256,11.167,10.347,1038477.72,1188001.66,1263480.21,11.17
2013-04-03,11.31,11.48,11.19,10.92,697030.81,-0.21,-1.84,11.118,11.087,10.225,1075693.56,1296912.61,1272977.72,8.06
2013-04-02,11.4,11.86,11.4,11.16,1282541.0,-0.07,-0.61,11.138,10.98,10.166,1141259.71,1371942.81,1314548.0,14.82
2013-04-01,10.59,11.48,11.47,10.52,1274799.0,0.9,8.52,11.088,10.822,10.081,1143797.51,1441005.49,1340618.81,14.73
2013-03-29,11.05,11.17,10.57,10.5,971715.5,-0.39,-3.56,10.99,10.7,9.949,1242809.96,1552999.77,1289561.21,11.23
2013-03-28,11.21,11.5,10.96,10.83,1152381.5,-0.33,-2.92,11.078,10.577,9.861,1337525.59,1625235.67,1277447.81,13.32
2013-03-27,11.12,11.56,11.29,11.1,1024861.56,0.14,1.26,11.056,10.378,9.764,1518131.66,1563549.78,1260455.83,11.84
2013-03-26,10.9,11.27,11.15,10.82,1295230.0,0.17,1.55,10.822,10.128,9.621,1602625.9,1509620.54,1232764.53,14.97
2013-03-25,10.95,11.75,10.98,10.83,1769861.25,-0.03,-0.27,10.556,9.899,9.496,1738213.48,1478502.74,1186834.97,20.45
2013-03-22,10.8,11.16,11.01,10.63,1445293.62,0.16,1.48,10.41,9.725,9.362,1863189.58,1387605.44,1106204.89,16.7
2013-03-21,10.1,11.12,10.85,10.01,2055411.88,0.73,7.21,10.076,9.527,9.227,1912945.75,1338958.76,1041250.83,23.75
2013-03-20,9.73,10.25,10.12,9.69,1447332.75,0.3,3.06,9.7,9.363,9.097,1608967.89,1249042.84,946200.63,16.73
2013-03-19,10.09,10.23,9.82,9.61,1973167.88,-0.43,-4.2,9.434,9.352,9.043,1416615.17,1257153.2,919825.26,22.8
2013-03-18,9.4,10.27,10.25,9.4,2394741.75,0.91,9.74,9.242,9.34,8.999,1218791.99,1240232.12,861306.22,27.68
2013-03-15,9.3,9.78,9.34,9.21,1694074.5,0.37,4.12,9.04,9.197,8.926,912021.29,1026122.65,771104.13,19.58
2013-03-14,8.76,9.05,8.97,8.71,535522.56,0.18,2.05,8.978,9.144,8.9,764971.77,929659.95,713418.49,6.19
2013-03-13,8.75,8.96,8.79,8.57,485569.16,-0.07,-0.79,9.026,9.149,8.895,889117.78,957361.9,725278.22,5.61
2013-03-12,9.27,9.29,8.86,8.55,984052.0,-0.38,-4.11,9.27,9.113,8.903,1097691.23,955908.53,742400.29,11.37
2013-03-11,9.13,9.52,9.24,9.11,860888.25,0.21,2.33,9.438,9.092,8.906,1261672.25,895167.21,723811.7,9.95
2013-03-08,9.0,9.48,9.03,8.91,958826.88,-0.18,-1.95,9.354,8.999,8.878,1140224.0,824804.34,712388.65,11.08
2013-03-07,9.89,9.97,9.21,9.09,1156252.62,-0.8,-7.99,9.31,8.926,8.865,1094348.13,743542.91,689985.18,17.24
2013-03-06,9.6,10.45,10.01,9.48,1528436.38,0.31,3.2,9.272,8.83,8.83,1025606.01,643358.43,643358.43,22.79
2013-03-05,9.29,9.7,9.7,8.98,1803957.12,0.88,9.98,8.956,8.699,8.699,814125.83,545016.44,545016.44,26.9
2013-03-04,8.82,8.82,8.82,8.82,253646.98,0.8,9.97,8.746,8.574,8.574,528662.18,387648.85,387648.85,3.78
2013-02-21,8.93,9.18,8.81,8.79,729447.56,-0.21,-2.33,8.644,8.539,8.539,509384.69,406791.98,406791.98,10.88
2013-02-20,8.44,9.18,9.02,8.43,812542.0,0.59,7.0,8.542,8.493,8.493,392737.68,353016.05,353016.05,12.12
2013-02-19,8.62,8.8,8.43,8.36,471035.47,-0.22,-2.54,8.388,8.388,8.388,261110.86,261110.86,261110.86,7.02
2013-02-18,8.38,8.79,8.65,8.34,376638.88,0.34,4.09,8.378,8.378,8.378,208629.7,208629.7,208629.7,5.62
2013-02-08,8.31,8.34,8.31,8.25,157259.55,0.01,0.12,8.287,8.287,8.287,152626.64,152626.64,152626.64,2.35
2013-02-07,8.25,8.36,8.3,8.21,146212.52,0.05,0.61,8.275,8.275,8.275,150310.19,150310.19,150310.19,2.18
2013-02-06,8.28,8.37,8.25,8.22,154407.86,-0.02,-0.24,8.25,8.25,8.25,154407.86,154407.86,154407.86,2.3
