date,open,high,close,low,volume,price_change,p_change,ma5,ma10,ma20,v_ma5,v_ma10,v_ma20,turnover
2016-01-25,9.74,9.86,9.76,9.69,71388.81,0.05,0.52,9.812,9.741,10.508,121888.94,115129.54,119248.32,1.08
2016-01-22,9.8,9.86,9.71,9.45,81009.84,0.01,0.1,9.756,9.715,10.697,126454.93,125641.4,117036.61,1.22
2016-01-21,9.88,10.01,9.7,9.65,145009.42,-0.33,-3.29,9.714,9.739,10.883,129031.52,129187.44,115266.09,2.19
2016-01-20,9.9,10.3,10.03,9.79,192374.78,0.17,1.72,9.752,9.741,11.084,118872.92,117588.9,111240.15,2.91
2016-01-19,9.47,9.89,9.86,9.36,119661.86,0.38,4.01,9.662,9.818,11.3,102652.29,112419.73,104941.36,1.81
2016-01-18,9.38,9.68,9.48,9.27,94218.77,-0.02,-0.21,9.67,9.885,11.518,108370.14,117094.5,102147.29,1.42
2016-01-15,9.85,9.96,9.5,9.38,93892.76,-0.39,-3.94,9.674,10.027,11.761,124827.87,122339.36,102013.3,1.42
2016-01-14,9.2,9.9,9.89,9.2,94216.43,0.31,3.24,9.764,10.288,11.987,129343.36,145384.13,100905.21,1.42
2016-01-13,9.8,10.06,9.58,9.51,111271.64,-0.32,-3.23,9.73,10.617,12.172,116304.87,138312.19,98263.38,1.68
2016-01-12,9.78,9.97,9.9,9.56,148251.12,0.4,4.21,9.974,10.984,12.367,122187.17,131796.75,95182.75,2.24
2016-01-11,9.82,10.43,9.5,9.21,176507.42,-0.45,-4.52,10.1,11.274,12.542,125818.86,123367.1,90468.3,2.67
2016-01-08,10.05,10.17,9.95,9.18,116470.19,0.23,2.37,10.38,11.679,12.722,119850.84,108431.81,84969.95,1.76
2016-01-07,10.6,10.6,9.72,9.72,29024.0,-1.08,-10.0,10.812,12.026,12.9,161424.91,101344.74,82078.73,0.44
2016-01-06,10.63,10.95,10.8,10.55,140683.12,0.27,2.56,11.504,12.426,13.121,160319.51,104891.41,83539.46,2.13
2016-01-05,10.31,10.85,10.53,10.02,166409.55,-0.37,-3.39,11.994,12.781,13.312,141406.32,97462.99,79610.13,2.51
2016-01-04,12.0,12.0,10.9,10.9,146667.34,-1.21,-9.99,12.448,13.15,13.544,120915.34,87200.07,75307.24,2.22
2015-12-31,13.18,13.18,12.11,11.86,324340.53,-1.07,-8.12,12.978,13.494,13.735,97012.79,81687.24,72829.92,4.9
2015-12-30,13.28,13.35,13.18,13.11,23497.01,-0.07,-0.53,13.24,13.686,13.884,41264.58,56426.28,59878.87,0.55
2015-12-29,12.77,13.28,13.25,12.66,46117.17,0.45,3.52,13.348,13.726,13.966,49463.3,58214.56,62641.01,1.07
2015-12-28,13.56,13.6,12.8,12.8,63954.65,-0.75,-5.54,13.568,13.75,14.087,53519.66,58568.75,65855.59,1.49
2015-12-25,13.45,13.6,13.55,13.35,27154.57,0.13,0.97,13.852,13.81,14.209,53484.8,57569.5,69803.02,0.63
2015-12-24,13.7,13.7,13.42,13.18,45599.5,-0.3,-2.19,14.01,13.764,14.339,66361.69,61508.09,79895.23,1.06
2015-12-23,14.35,14.38,13.72,13.67,64490.62,-0.63,-4.39,14.132,13.774,14.565,71587.98,62812.73,82875.88,1.5
2015-12-22,14.24,14.7,14.35,14.18,66398.97,0.13,0.91,14.104,13.816,14.695,66965.82,62187.52,79688.4,1.54
2015-12-21,14.13,14.39,14.22,13.98,63780.34,-0.12,-0.84,13.932,13.842,14.719,63617.84,61757.27,76451.92,1.48
2015-12-18,14.06,14.38,14.34,13.86,91539.03,0.31,2.21,13.768,13.938,14.682,61654.21,63414.41,79609.57,2.13
2015-12-17,13.65,14.16,14.03,13.65,71730.94,0.45,3.31,13.518,13.976,14.631,56654.49,63972.59,82289.96,1.67
2015-12-16,13.46,13.65,13.58,13.41,41379.84,0.09,0.67,13.416,14.081,14.564,54037.47,63331.46,82849.4,0.96
2015-12-15,13.4,13.73,13.49,13.23,49659.03,0.09,0.67,13.528,14.206,14.462,57409.21,67067.45,85734.08,1.15
2015-12-14,12.89,13.4,13.4,12.76,53962.2,0.31,2.37,13.752,14.423,14.409,59896.7,73142.44,87113.43,1.25
2015-12-11,13.57,13.8,13.09,12.98,66540.43,-0.43,-3.18,14.108,14.608,14.429,65174.61,82036.53,89823.81,1.55
2015-12-10,14.24,14.29,13.52,13.48,58645.85,-0.62,-4.38,14.434,14.914,14.482,71290.7,98282.37,92504.79,1.36
2015-12-09,14.35,14.52,14.14,13.97,58238.54,-0.47,-3.22,14.746,15.356,14.488,72625.44,102939.03,96009.85,1.35
2015-12-08,15.19,15.19,14.61,14.6,62096.47,-0.57,-3.75,14.884,15.573,14.451,76725.69,97189.28,97931.01,1.44
2015-12-07,14.72,15.18,15.18,14.61,80351.76,0.46,3.12,15.094,15.595,14.371,86388.18,91146.58,100440.27,1.87
2015-12-04,15.19,15.3,14.72,14.51,97120.89,-0.36,-2.39,15.108,15.425,14.235,98898.44,95804.74,100255.82,2.26
2015-12-03,14.86,15.08,15.08,14.58,65319.56,0.25,1.69,15.394,15.286,14.085,125274.04,100607.32,100478.52,1.52
2015-12-02,15.5,15.5,14.83,14.4,78739.75,-0.83,-5.3,15.966,15.047,13.932,133252.61,102367.34,101032.44,1.83
2015-12-01,15.34,15.98,15.66,15.2,110408.93,0.41,2.69,16.262,14.718,13.858,117652.87,104400.71,106431.23,2.57
2015-11-30,15.86,16.14,15.25,14.6,142903.09,-0.9,-5.57,16.096,14.394,13.783,95904.97,101084.43,110007.02,3.32
2015-11-27,18.46,18.46,16.15,16.15,228998.88,-1.79,-9.98,15.742,14.249,13.663,92711.03,97611.09,110203.31,5.33
2015-11-26,17.94,17.94,17.94,17.9,105212.41,1.63,9.99,15.178,14.049,13.44,75940.61,86727.22,106581.71,2.45
2015-11-25,16.31,16.31,16.31,16.31,741.02,1.48,9.98,14.128,13.62,13.075,71482.06,89080.68,102012.14,0.02
2015-11-24,14.83,14.83,14.83,14.83,1669.46,1.35,10.02,13.174,13.329,12.85,91148.56,98672.75,103195.52,0.04
2015-07-31,13.49,14.08,13.48,12.7,126933.37,0.15,1.12,12.692,13.147,12.764,106263.88,109733.96,107176.63,2.95
2015-07-30,12.95,13.96,13.33,12.75,145146.77,0.64,5.04,12.756,13.045,12.819,102511.15,104706.91,104014.94,3.38
2015-07-29,11.88,12.69,12.69,11.6,82919.7,1.15,9.96,12.92,12.884,12.963,97513.83,100349.72,100878.43,1.93
2015-07-28,11.37,12.8,11.54,11.18,99073.48,-0.88,-7.08,13.112,12.817,13.228,106679.29,99697.53,102711.5,2.3
2015-07-27,13.25,13.87,12.42,12.42,77246.09,-1.38,-10.0,13.484,12.998,13.651,106196.95,108461.74,107756.28,1.8
2015-07-24,14.09,14.76,13.8,13.58,108169.69,-0.35,-2.47,13.602,13.171,13.97,113204.03,118929.61,112197.18,2.52
2015-07-23,13.7,14.49,14.15,13.1,120160.18,0.5,3.66,13.334,13.077,14.134,106902.66,122795.53,110019.39,2.79
2015-07-22,13.49,13.85,13.65,12.81,128746.99,0.25,1.87,12.848,12.831,14.375,103185.61,126436.2,108592.25,2.99
2015-07-21,12.71,13.51,13.4,12.39,96661.79,0.39,3.0,12.522,12.529,14.747,92715.78,114943.6,107270.96,2.25
2015-07-20,12.5,13.23,13.01,12.2,112281.52,0.55,4.41,12.512,12.37,15.089,110726.53,107718.29,106865.67,2.61
2015-07-17,11.7,12.73,12.46,11.7,76662.84,0.74,6.31,12.74,12.381,15.508,124655.19,104619.3,105373.14,1.78
2015-07-16,10.91,12.48,11.72,10.82,101574.9,-0.3,-2.5,12.82,12.593,16.074,138688.39,103322.98,110613.34,2.36
2015-07-15,12.92,13.09,12.02,12.02,76397.85,-1.33,-9.96,12.814,13.041,16.808,149686.79,101407.14,113371.64,1.78
2015-07-14,13.98,15.0,13.35,13.1,186715.56,-0.8,-5.65,12.536,13.639,17.431,137171.42,105725.47,116980.57,4.34
2015-07-13,13.25,14.15,14.15,12.85,181924.8,1.29,10.03,12.228,14.304,17.926,104710.05,107050.82,116181.56,4.23
2015-07-10,11.53,12.86,12.86,11.53,146828.83,1.17,10.01,12.022,14.768,18.275,84583.42,105464.76,113917.87,3.41
2015-07-09,9.57,11.69,11.69,9.57,156566.89,1.06,9.97,12.366,15.19,18.592,67957.57,97243.25,109212.6,3.64
2015-07-08,10.63,10.63,10.63,10.63,13821.0,-1.18,-9.99,13.268,15.919,18.996,53127.5,90748.31,105321.57,0.32
2015-07-07,11.81,13.1,11.81,11.81,24408.71,-1.31,-9.98,14.742,16.964,19.477,74279.52,99598.32,109860.53,0.57
2015-07-06,15.71,15.76,13.12,13.12,81291.65,-1.46,-10.01,16.38,17.808,19.884,109391.6,106013.05,115452.8,1.89
2015-07-03,14.58,15.65,14.58,14.58,63699.59,-1.62,-10.0,17.514,18.635,20.135,126346.1,106126.97,114316.71,1.48
2015-07-02,17.3,17.8,16.2,16.2,82416.55,-1.8,-10.0,18.014,19.554,20.29,126528.94,117903.71,114564.72,1.92
2015-07-01,19.58,19.98,18.0,18.0,119581.1,-2.0,-10.0,18.57,20.575,20.406,128369.11,125336.14,114846.27,2.78
2015-06-30,19.21,20.67,20.0,19.03,199969.12,1.21,6.44,19.186,21.223,20.42,124917.12,128235.68,112456.54,4.65
2015-06-29,17.27,18.79,18.79,16.6,166064.12,1.71,10.01,19.236,21.547,20.302,102634.5,125312.3,105138.79,3.86
2015-06-26,18.16,18.22,17.08,17.08,64613.81,-1.9,-10.01,19.756,21.781,20.205,85907.84,122370.99,99653.89,1.5
2015-06-25,21.4,21.45,18.98,18.97,91617.42,-2.1,-9.96,21.094,21.994,20.219,109278.47,121181.94,100827.06,2.13
2015-06-24,20.58,21.6,21.08,19.86,102321.15,0.83,4.1,22.58,22.072,20.175,122303.17,119894.84,100387.07,2.38
2015-06-23,20.35,21.19,20.25,19.25,88556.01,-1.14,-5.33,23.26,21.99,20.006,131554.23,120122.75,99300.54,2.06
2015-06-19,22.0,22.58,21.39,21.39,82430.81,-2.38,-10.01,23.858,21.96,19.876,147990.1,124892.55,98041.12,1.92
2015-06-18,25.87,26.99,23.77,23.77,181466.98,-2.64,-10.0,23.806,21.635,19.683,158834.14,122506.45,98695.44,4.22
2015-06-17,23.81,26.65,26.41,23.0,156740.91,1.93,7.88,22.894,21.025,19.342,133085.41,111225.73,92748.14,3.65
2015-06-16,22.6,24.59,24.48,21.7,148576.44,1.24,5.34,21.564,20.236,18.838,117486.51,104356.39,87406.87,3.46
2015-06-15,21.14,23.24,23.24,20.63,170735.34,2.11,9.99,20.72,19.616,18.419,108691.26,96677.39,82452.1,3.97
2015-06-12,19.2,21.13,21.13,18.8,136651.02,1.92,9.99,20.062,19.057,18.046,101795.01,84965.28,77268.69,3.18
2015-06-11,19.64,19.98,19.21,19.1,52723.35,-0.55,-2.78,19.464,18.629,17.774,86178.77,76936.79,73664.17,1.23
2015-06-10,19.54,20.58,19.76,19.52,78746.4,-0.5,-2.47,19.156,18.444,17.576,89366.04,80472.19,72193.69,1.83
2015-06-09,19.71,20.78,20.26,19.05,104600.21,0.31,1.55,18.908,18.277,17.353,91226.27,80879.29,69807.56,2.43
2015-06-08,17.7,19.95,19.95,17.7,136254.06,1.81,9.98,18.512,18.022,17.12,84663.52,78478.34,67640.46,3.17
2015-06-05,17.71,18.5,18.14,17.56,58569.81,0.47,2.66,18.052,17.792,16.875,68135.55,71189.69,63279.89,1.36
2015-06-04,18.54,18.54,17.67,16.67,68659.74,-0.85,-4.59,17.794,17.731,16.702,67694.82,74884.43,61561.7,1.6
2015-06-03,18.71,19.28,18.52,18.25,88047.54,0.24,1.31,17.732,17.659,16.544,71578.33,74270.55,59767.29,2.05
2015-06-02,17.69,18.28,18.28,17.21,71786.47,0.63,3.57,17.646,17.44,16.332,70532.31,70457.36,57300.64,1.67
2015-06-01,16.9,17.99,17.65,16.65,53614.18,0.8,4.75,17.532,17.222,16.163,72293.16,68226.81,56258.34,1.25
2015-05-29,17.28,17.49,16.85,15.62,56366.18,-0.51,-2.94,17.532,17.034,16.086,74243.83,69572.11,56270.03,1.31
2015-05-28,18.3,19.3,17.36,17.1,88077.26,-0.73,-4.04,17.668,16.918,16.026,82074.04,70391.56,55658.21,2.05
2015-05-27,17.72,18.09,18.09,17.2,82817.46,0.38,2.15,17.586,16.707,15.953,76962.78,63915.19,54562.97,1.93
2015-05-26,17.65,17.95,17.71,17.38,80590.71,0.06,0.34,17.234,16.428,15.847,70382.4,58735.82,52894.11,1.87
2015-05-25,17.29,17.88,17.65,17.25,63367.55,0.12,0.69,16.912,16.218,15.76,64160.47,56802.57,51007.38,1.47
2015-05-22,17.07,18.2,17.53,17.05,95517.2,0.58,3.42,16.536,15.958,15.665,64900.38,55370.08,49957.04,2.22
2015-05-21,16.99,17.3,16.95,16.65,62520.97,0.62,3.8,16.168,15.673,15.565,58709.07,48238.98,46944.25,1.45
2015-05-20,16.1,16.47,16.33,16.09,49915.59,0.23,1.43,15.828,15.428,15.506,50867.6,45264.03,45633.38,1.16
2015-05-19,15.82,16.2,16.1,15.5,49481.02,0.33,2.09,15.622,15.223,15.463,47089.24,44143.92,45448.64,1.15
2015-05-18,15.78,16.25,15.77,15.4,67067.13,0.08,0.51,15.524,15.104,15.416,49444.68,44289.86,46503.31,1.56
2015-05-15,15.36,16.0,15.69,15.2,64560.66,0.44,2.88,15.38,15.138,15.452,45839.78,42967.95,45612.0,1.5
2015-05-14,15.13,15.5,15.25,15.12,23313.59,-0.05,-0.33,15.178,15.134,15.512,37768.89,40924.86,45386.66,0.54
2015-05-13,15.37,15.6,15.3,15.12,31023.8,-0.31,-1.99,15.028,15.199,15.587,39660.45,45210.74,47454.1,0.72
2015-05-12,15.4,15.91,15.61,15.2,61258.21,0.56,3.72,14.824,15.266,15.617,41198.61,47052.4,47462.86,1.42
2015-05-11,14.92,15.05,15.05,14.47,49042.65,0.37,2.52,14.684,15.302,15.631,39135.04,45212.19,46187.46,1.14
2015-05-08,14.62,14.88,14.68,14.45,24206.18,0.18,1.24,14.896,15.371,15.671,40096.11,44544.0,45171.48,0.56
2015-05-07,14.27,14.71,14.5,13.99,32771.43,0.22,1.54,15.09,15.456,15.709,44080.83,45649.51,45798.39,0.76
2015-05-06,14.89,15.07,14.28,14.2,38714.56,-0.63,-4.22,15.37,15.583,15.781,50761.03,46002.73,46571.26,0.9
2015-05-05,16.16,16.16,14.91,14.83,50940.4,-1.2,-7.45,15.708,15.703,15.865,52906.2,46753.37,47223.6,1.18
2015-05-04,15.36,16.15,16.11,15.31,53848.0,0.46,2.94,15.92,15.727,15.879,51289.33,48716.76,47052.13,1.25
2015-04-30,15.6,15.82,15.65,15.15,44129.77,-0.25,-1.57,15.846,15.765,15.802,48991.89,48256.05,46145.82,1.03
2015-04-29,16.41,16.45,15.9,15.89,66172.42,-0.07,-0.44,15.822,15.89,15.739,47218.19,49848.47,45377.19,1.54
2015-04-28,15.8,16.05,15.97,15.51,49440.42,0.0,0.0,15.796,15.974,15.656,41244.43,49697.46,44807.33,1.15
2015-04-27,15.81,16.12,15.97,15.6,42856.05,0.23,1.46,15.698,15.968,15.57,40600.53,47873.31,45113.18,1.0
2015-04-24,15.19,15.9,15.74,15.14,42360.77,0.21,1.35,15.534,15.959,15.455,46144.2,47162.73,44730.01,0.99
2015-04-23,15.84,15.9,15.53,15.34,35261.28,-0.24,-1.52,15.684,15.971,15.329,47520.21,45798.96,44819.5,0.82
2015-04-22,15.53,15.9,15.77,15.48,36303.65,0.29,1.87,15.958,15.961,15.228,52478.75,45947.26,44842.98,0.84
2015-04-21,15.48,15.54,15.48,14.83,46220.89,0.33,2.18,16.152,15.979,15.129,58150.48,47139.8,46638.82,1.07
2015-04-20,16.4,16.4,15.15,15.06,70574.39,-1.34,-8.13,16.238,16.026,15.009,55146.09,47693.84,46485.03,1.64
2015-04-17,16.85,17.18,16.49,16.46,49240.82,-0.41,-2.43,16.384,16.03,14.9,48181.27,45387.5,44956.53,1.15
2015-04-16,16.67,17.4,16.9,16.38,60054.0,0.16,0.96,16.258,15.838,14.727,44077.71,44035.6,46043.92,1.4
2015-04-15,15.91,17.18,16.74,15.65,64662.28,0.83,5.22,15.964,15.587,14.502,39415.78,40905.91,44666.18,1.5
2015-04-14,15.87,16.2,15.91,15.51,31198.98,0.03,0.19,15.806,15.338,14.265,36129.12,39917.2,42889.35,0.73
2015-04-13,15.86,16.13,15.88,15.51,35750.25,0.02,0.13,15.814,15.171,14.062,40241.59,42353.06,42440.98,0.83
2015-04-10,15.43,15.9,15.86,15.25,28723.02,0.43,2.79,15.676,14.951,13.847,42593.73,42297.29,41597.45,0.67
2015-04-09,16.25,16.25,15.43,15.25,36744.35,-0.52,-3.26,15.418,14.686,13.63,43993.49,43840.04,41466.83,0.85
2015-04-08,16.01,16.25,15.95,15.15,48228.98,0.0,0.0,15.21,14.494,13.456,42396.05,43738.69,40642.6,1.12
2015-04-07,15.27,16.49,15.95,15.11,51761.34,0.76,5.0,14.87,14.279,13.262,43705.29,46137.85,39152.38,1.2
2015-04-03,14.48,15.49,15.19,14.26,47510.94,0.62,4.25,14.528,13.991,13.053,44464.53,45276.23,37611.63,1.1
2015-04-02,14.41,14.58,14.57,14.1,35721.84,0.18,1.25,14.226,13.77,12.893,42000.85,44525.57,36933.68,0.83
2015-04-01,14.25,14.49,14.39,14.11,28757.14,0.14,0.98,13.954,13.616,12.776,43686.59,48052.25,37908.18,0.67
2015-03-31,14.25,14.86,14.25,14.06,54775.17,0.01,0.07,13.778,13.417,12.631,45081.34,48426.46,37634.05,1.27
2015-03-30,14.02,14.58,14.24,14.02,55557.54,0.56,4.09,13.688,13.192,12.491,48570.41,45861.5,36348.16,1.29
2015-03-27,13.25,13.7,13.68,13.13,35192.56,0.47,3.56,13.454,12.953,12.352,46087.93,42528.89,35352.05,0.82
2015-03-26,13.6,13.79,13.21,13.05,44150.54,-0.3,-2.22,13.314,12.743,12.242,47050.3,40897.61,36794.46,1.03
2015-03-25,13.7,13.8,13.51,13.38,35730.9,-0.29,-2.1,13.278,12.574,12.151,52417.91,39093.62,35796.11,0.83
2015-03-24,13.04,14.18,13.8,12.89,72220.49,0.73,5.58,13.056,12.418,12.052,51771.57,37546.51,36385.74,1.68
2015-03-23,13.06,13.18,13.07,12.65,43145.14,0.09,0.69,12.696,12.244,11.927,43152.6,32166.91,32812.84,1.0
2015-03-20,13.04,13.15,12.98,12.81,40004.41,-0.05,-0.38,12.452,12.115,11.834,38969.86,29947.03,33044.98,0.93
2015-03-19,12.4,13.18,13.03,12.15,70988.59,0.63,5.08,12.172,12.016,11.736,34744.92,29341.8,32946.0,1.65
2015-03-18,12.12,12.47,12.4,12.07,32499.22,0.4,3.33,11.87,11.936,11.641,25769.34,27764.11,31654.87,0.76
2015-03-17,11.92,12.19,12.0,11.85,29125.64,0.15,1.27,11.78,11.844,11.579,23321.45,26841.65,32978.91,0.68
2015-03-16,11.63,11.95,11.85,11.55,22231.45,0.27,2.33,11.792,11.789,11.542,21181.22,26834.81,35198.35,0.52
2015-03-13,11.55,11.9,11.58,11.44,18879.72,0.06,0.52,11.778,11.751,11.516,20924.21,28175.2,37615.28,0.44
2015-03-12,11.94,12.02,11.52,11.5,26110.65,-0.43,-3.6,11.86,11.741,11.519,23938.67,32691.3,40900.31,0.61
2015-03-11,12.06,12.19,11.95,11.8,20259.81,-0.11,-0.91,12.002,11.728,11.493,29758.87,32498.6,44143.17,0.47
2015-03-10,11.77,12.12,12.06,11.66,18424.48,0.28,2.38,11.908,11.686,11.431,30361.85,35224.96,45536.77,0.43
2015-03-09,11.62,11.91,11.78,11.4,20946.37,-0.21,-1.75,11.786,11.609,11.36,32488.39,33458.78,48578.99,0.49
2015-03-06,12.12,12.36,11.99,11.76,33952.03,-0.24,-1.96,11.724,11.552,11.296,35426.19,36142.93,49965.63,0.79
2015-03-05,11.48,12.35,12.23,11.48,55211.68,0.75,6.53,11.622,11.456,11.192,41443.94,36550.2,49980.16,1.28
2015-03-04,11.44,11.49,11.48,11.34,23274.69,0.03,0.26,11.454,11.345,11.088,35238.32,35545.63,49942.08,0.54
2015-03-03,11.48,11.49,11.45,11.32,29057.2,-0.02,-0.17,11.464,11.314,11.036,40088.07,39116.16,52945.7,0.68
2015-03-02,11.48,11.54,11.47,11.3,35635.33,-0.01,-0.09,11.432,11.294,10.957,34429.16,43561.89,52513.55,0.83
2015-02-27,11.39,11.54,11.48,11.07,64040.8,0.09,0.79,11.38,11.28,10.884,36859.67,47055.36,52155.92,1.49
2015-02-26,11.53,11.6,11.39,11.33,24183.6,-0.14,-1.21,11.29,11.297,10.817,31656.45,49109.32,51059.44,0.56
2015-02-25,11.21,11.59,11.53,11.11,47523.4,0.32,2.85,11.236,11.257,10.75,35852.94,55787.74,52788.95,1.11
2015-02-24,11.23,11.29,11.29,11.2,762.68,0.08,0.71,11.164,11.176,10.659,38144.26,55848.58,51807.09,0.02
2015-02-17,11.1,11.32,11.21,10.85,47787.89,0.18,1.63,11.156,11.111,10.581,52694.62,63699.2,52944.6,1.11
2015-02-16,11.08,11.25,11.03,11.0,38024.7,-0.09,-0.81,11.18,11.039,10.496,57251.04,63788.33,51495.15,0.88
2015-02-13,11.12,11.27,11.12,11.08,45166.02,-0.05,-0.45,11.304,10.928,10.403,66562.19,63410.13,50774.82,1.05
2015-02-12,11.06,11.23,11.17,10.91,58980.0,-0.08,-0.71,11.278,10.83,10.334,75722.55,64338.54,49309.07,1.37
2015-02-11,11.3,11.35,11.25,10.88,73514.47,-0.08,-0.71,11.188,10.758,10.258,73552.9,66775.24,47128.07,1.71
2015-02-10,11.6,11.79,11.33,11.12,70570.0,-0.32,-2.75,11.066,10.619,10.177,74703.79,61465.22,44119.15,1.64
2015-02-09,11.0,11.65,11.65,10.91,84580.44,0.66,6.0,10.898,10.488,10.098,70325.63,57256.49,41257.81,1.97
2015-02-06,10.6,11.35,10.99,10.55,90967.83,0.27,2.52,10.552,10.336,9.994,60258.08,53009.56,38002.09,2.12
2015-02-05,10.65,10.84,10.72,10.42,48131.74,0.08,0.75,10.382,10.243,9.928,52954.52,49790.17,34473.84,1.12
2015-02-04,10.52,10.96,10.64,10.3,79268.94,0.15,1.43,10.328,10.141,9.882,59997.59,47765.6,33719.99,1.84
2015-02-03,9.91,10.49,10.49,9.91,48679.18,0.57,5.75,10.172,10.051,9.857,48226.65,42190.0,31993.0,1.13
2015-02-02,9.8,10.07,9.92,9.72,34242.7,-0.22,-2.17,10.078,9.952,9.834,44187.36,39201.98,31654.44,0.8
2015-01-30,10.3,10.46,10.14,10.13,54450.06,-0.31,-2.97,10.12,9.878,9.832,45761.04,38139.51,32537.73,1.27
2015-01-29,9.85,10.46,10.45,9.79,83347.07,0.59,5.98,10.104,9.837,9.805,46625.81,34279.6,31446.32,1.94
2015-01-28,10.03,10.06,9.86,9.83,20414.23,-0.16,-1.6,9.954,9.757,9.748,35533.61,27480.9,28304.25,0.47
2015-01-27,10.1,10.13,10.02,9.92,28482.73,-0.11,-1.09,9.93,9.734,9.73,36153.36,26773.09,28889.46,0.66
2015-01-26,10.07,10.19,10.13,9.91,42111.09,0.07,0.7,9.826,9.707,9.712,34216.6,25259.12,28994.39,0.98
2015-01-23,9.72,10.2,10.06,9.66,58773.92,0.36,3.71,9.636,9.651,9.69,30517.99,22994.62,28449.32,1.37
2015-01-22,9.74,9.79,9.7,9.59,27886.06,-0.04,-0.41,9.57,9.612,9.661,21933.38,19157.52,27160.69,0.65
2015-01-21,9.5,9.86,9.74,9.5,23513.0,0.24,2.53,9.56,9.622,9.644,19428.19,19674.38,28952.17,0.55
2015-01-20,9.34,9.55,9.5,9.26,18798.91,0.32,3.49,9.538,9.662,9.668,17392.82,21796.0,32561.89,0.44
2015-01-19,9.5,9.74,9.18,9.03,23618.07,-0.55,-5.65,9.588,9.715,9.696,16301.65,24106.9,34260.62,0.55
2015-01-16,9.72,9.77,9.73,9.64,15850.88,0.08,0.83,9.666,9.785,9.731,15471.24,26935.95,34351.25,0.37
2015-01-15,9.63,9.76,9.65,9.56,15360.08,0.02,0.21,9.654,9.773,9.744,16381.66,28613.05,35618.36,0.36
2015-01-14,9.79,9.82,9.63,9.58,13336.14,-0.12,-1.23,9.684,9.739,9.772,19920.56,29127.6,37892.39,0.31
2015-01-13,9.6,9.75,9.75,9.57,13343.07,0.18,1.88,9.786,9.725,9.803,26199.18,31005.83,39443.72,0.31
2015-01-12,9.67,9.81,9.57,9.5,19466.02,-0.1,-1.03,9.842,9.717,9.827,31912.14,32729.66,41093.75,0.45
2015-01-09,9.78,9.93,9.67,9.66,20403.0,-0.13,-1.33,9.904,9.728,9.86,38400.66,33904.02,43834.37,0.47
2015-01-08,10.14,10.15,9.8,9.8,33054.59,-0.34,-3.35,9.892,9.709,9.893,40844.43,35163.86,48470.07,0.77
2015-01-07,9.92,10.21,10.14,9.8,44729.22,0.11,1.1,9.794,9.665,9.887,38334.63,38229.96,53583.52,1.04
2015-01-06,10.0,10.26,10.03,9.82,41907.89,0.15,1.52,9.664,9.674,9.845,35812.49,43327.77,53660.67,0.97
2015-01-05,9.56,10.12,9.88,9.55,51908.62,0.27,2.81,9.592,9.676,9.802,33547.17,44414.34,54283.28,1.21
2014-12-31,9.39,9.74,9.61,9.32,32621.83,0.3,3.22,9.552,9.676,9.786,29407.38,41766.55,54506.65,0.76
2014-12-30,9.51,9.65,9.31,9.31,20505.57,-0.18,-1.9,9.526,9.715,9.767,29483.29,42623.67,55506.67,0.48
2014-12-29,9.6,9.69,9.49,9.33,32118.53,-0.18,-1.86,9.536,9.805,9.761,38125.29,46657.19,55975.8,0.75
2014-12-26,9.7,9.7,9.67,9.44,30581.28,-0.01,-0.1,9.684,9.881,9.744,50843.06,47881.62,56064.24,0.71
2014-12-25,9.55,9.77,9.68,9.33,31209.68,0.2,2.11,9.76,9.937,9.73,55281.51,49457.85,57810.78,0.73
2014-12-24,9.37,9.58,9.48,9.32,33001.39,0.12,1.28,9.8,9.991,9.721,54125.72,53764.72,57796.19,0.77
2014-12-23,10.23,10.23,9.36,9.22,63715.59,-0.87,-8.5,9.904,10.077,9.72,55764.04,61776.27,57794.96,1.48
2014-12-22,10.13,10.54,10.23,9.96,95707.36,0.18,1.79,10.074,10.109,9.728,55189.08,68937.07,56994.14,2.23
2014-12-19,9.9,10.15,10.05,9.53,52773.52,0.17,1.72,10.078,10.015,9.689,44920.17,63993.57,54524.06,1.23
2014-12-18,10.01,10.15,9.88,9.85,25430.75,-0.12,-1.2,10.114,9.927,9.664,43634.2,64152.22,54574.31,0.59
2014-12-17,10.18,10.21,10.0,9.8,41192.98,-0.21,-2.06,10.182,9.896,9.652,53403.71,67246.74,57478.21,0.96
2014-12-16,10.2,10.29,10.21,9.91,60840.77,-0.04,-0.39,10.25,9.819,9.618,67788.5,68389.67,58705.93,1.41
2014-12-15,10.15,10.31,10.25,9.95,44362.83,0.02,0.2,10.144,9.716,9.566,82685.07,65294.41,57886.82,1.03
2014-12-12,10.24,10.36,10.23,10.0,46343.66,0.01,0.1,9.952,9.607,9.495,83066.96,64246.87,56455.42,1.08
2014-12-11,10.22,10.31,10.22,9.89,74278.32,-0.12,-1.16,9.74,9.523,9.415,84670.24,66163.7,55372.02,1.73
2014-12-10,9.8,10.49,10.34,9.53,113116.94,0.66,6.82,9.61,9.45,9.348,81089.77,61827.65,52889.14,2.63
2014-12-09,9.25,10.22,9.68,9.11,135323.61,0.39,4.2,9.388,9.363,9.281,68990.84,53813.65,48543.49,3.15
2014-12-08,9.16,9.37,9.29,8.88,46272.27,0.12,1.31,9.288,9.346,9.236,47903.74,45051.21,44008.54,1.08
2014-12-05,9.57,9.72,9.17,9.05,54360.04,-0.4,-4.18,9.262,9.362,9.231,45426.77,45054.56,44048.39,1.26
2014-12-04,9.23,9.58,9.57,9.19,56375.99,0.34,3.68,9.306,9.401,9.231,47657.17,44996.4,44662.99,1.31
2014-12-03,9.15,9.23,9.23,9.06,52622.3,0.05,0.55,9.29,9.408,9.214,42565.54,47709.68,44600.59,1.22
2014-12-02,9.16,9.25,9.18,9.1,29888.12,0.02,0.22,9.338,9.417,9.198,38636.46,49022.19,45771.86,0.7
2014-12-01,9.4,9.4,9.16,9.08,33887.41,-0.23,-2.45,9.404,9.415,9.197,42198.68,50479.23,47419.86,0.79
2014-11-28,9.5,9.76,9.39,9.2,65512.03,-0.1,-1.05,9.462,9.383,9.181,44682.35,48663.98,47500.16,1.52
2014-11-27,9.42,9.52,9.49,9.4,30917.82,0.02,0.21,9.496,9.306,9.151,42335.64,44580.33,46319.07,0.72
2014-11-26,9.49,9.57,9.47,9.44,32976.91,-0.04,-0.42,9.526,9.245,9.123,52853.82,43950.63,49275.41,0.77
2014-11-25,9.47,9.64,9.51,9.35,47699.23,0.06,0.64,9.496,9.198,9.089,59407.92,43273.32,51299.01,1.11
2014-11-24,9.62,9.69,9.45,9.41,46305.77,-0.11,-1.15,9.426,9.125,9.039,58759.77,42965.87,50516.24,1.08
2014-11-21,9.55,9.65,9.56,9.43,53778.46,-0.08,-0.83,9.304,9.099,8.975,52645.61,43042.21,49144.24,1.25
2014-11-20,9.24,9.68,9.64,9.22,83508.75,0.32,3.43,9.116,9.061,8.899,46825.02,44329.57,47538.25,1.94
2014-11-19,9.11,9.55,9.32,9.0,65747.38,0.16,1.75,8.964,9.019,8.822,35047.43,41491.5,44998.8,1.53
2014-11-18,8.85,9.21,9.16,8.81,44458.49,0.32,3.62,8.9,8.978,8.779,27138.73,42521.54,43841.79,1.03
2014-11-17,8.58,8.84,8.84,8.57,15734.99,0.22,2.55,8.824,8.979,8.755,27171.97,44360.5,44793.46,0.37
2014-11-14,8.82,8.92,8.62,8.22,24675.5,-0.26,-2.93,8.894,8.978,8.732,33438.81,46336.34,45156.02,0.57
2014-11-13,8.95,9.07,8.88,8.78,24620.77,-0.12,-1.33,9.006,8.995,8.719,41834.11,48057.81,45547.6,0.57
2014-11-12,8.7,9.03,9.0,8.7,26203.89,0.22,2.51,9.074,9.001,8.688,47935.58,54600.19,45788.49,0.61
2014-11-11,9.22,9.22,8.78,8.74,44624.68,-0.41,-4.46,9.056,8.979,8.654,57904.35,59324.7,46895.65,1.04
2014-11-10,9.18,9.29,9.19,9.05,47069.21,0.01,0.11,9.134,8.953,8.645,61549.03,58066.6,46126.3,1.09
2014-11-07,9.17,9.36,9.18,9.0,66652.0,-0.04,-0.43,9.062,8.851,8.622,59233.87,55246.28,45553.65,1.55
2014-11-06,8.81,9.23,9.22,8.67,55128.12,0.31,3.48,8.984,8.737,8.609,54281.5,50746.94,45371.58,1.28
2014-11-05,9.21,9.57,8.91,8.91,76047.75,-0.26,-2.83,8.928,8.624,8.588,61264.79,48506.09,45587.16,1.77
2014-11-04,8.83,9.19,9.17,8.71,62848.09,0.34,3.85,8.902,8.579,8.574,60745.04,45162.03,43228.96,1.46
2014-11-03,8.76,8.97,8.83,8.74,35493.41,0.04,0.46,8.772,8.53,8.543,54584.17,45226.43,41598.18,0.83
2014-10-31,8.94,8.94,8.79,8.72,41890.13,-0.15,-1.68,8.64,8.486,8.533,51258.68,43975.69,41399.73,0.97
2014-10-30,8.69,9.33,8.94,8.54,90044.58,0.16,1.82,8.49,8.443,8.521,47212.38,43037.39,40982.45,2.09
2014-10-29,8.51,8.85,8.78,8.5,73448.98,0.26,3.05,8.32,8.375,8.504,35747.39,36976.79,39722.42,1.71
2014-10-28,8.12,8.58,8.52,8.12,32043.76,0.35,4.28,8.256,8.329,8.493,29579.02,34466.61,37999.96,0.75
2014-10-27,8.03,8.25,8.17,7.93,18865.94,0.13,1.62,8.288,8.337,8.492,35868.68,34185.99,38055.81,0.44
2014-10-24,8.12,8.15,8.04,8.01,21658.63,-0.05,-0.62,8.332,8.393,8.496,36692.71,35861.03,39215.94,0.5
2014-10-23,8.34,8.39,8.09,8.05,32719.64,-0.37,-4.37,8.396,8.481,8.521,38862.41,39996.23,42139.05,0.76
2014-10-22,8.63,8.74,8.46,8.36,42607.15,-0.22,-2.54,8.43,8.552,8.533,38206.19,42668.23,42642.57,0.99
2014-10-21,8.42,8.78,8.68,8.36,63492.03,0.29,3.46,8.402,8.569,8.523,39354.2,41295.88,43857.75,1.48
2014-10-20,8.35,8.44,8.39,8.21,22986.1,0.03,0.36,8.386,8.556,8.51,32503.3,37969.94,46993.92,0.53
2014-10-17,8.27,8.42,8.36,8.04,32507.13,0.1,1.21,8.454,8.579,8.524,35029.35,38823.77,51519.8,0.76
2014-10-16,8.29,8.39,8.26,8.22,29438.52,-0.06,-0.72,8.566,8.599,8.542,41130.04,38927.5,56191.55,0.68
2014-10-15,8.6,8.6,8.32,8.19,48347.23,-0.28,-3.26,8.674,8.633,8.562,47130.26,42468.05,69159.45,1.12
2014-10-14,8.75,8.84,8.6,8.59,29237.52,-0.13,-1.49,8.736,8.657,8.57,43237.56,41533.32,73509.44,0.68
2014-10-13,8.92,8.92,8.73,8.53,35616.34,-0.19,-2.13,8.726,8.646,8.525,43436.59,41925.62,77699.65,0.83
2014-10-10,8.76,8.98,8.92,8.7,63010.61,0.12,1.36,8.704,8.599,8.453,42618.19,42570.86,77985.36,1.47
2014-10-09,8.65,8.83,8.8,8.6,59439.62,0.17,1.97,8.632,8.56,8.369,36724.96,44281.87,76242.94,1.38
2014-10-08,8.58,8.65,8.63,8.51,28883.73,0.08,0.94,8.592,8.513,8.29,37805.83,42616.91,75174.35,0.67
2014-09-30,8.64,8.66,8.55,8.5,30232.63,-0.07,-0.81,8.578,8.476,8.218,39829.07,46419.62,75537.08,0.7
2014-09-29,8.53,8.63,8.62,8.5,31524.38,0.06,0.7,8.566,8.464,8.143,40414.66,56017.89,75437.24,0.73
2014-09-26,8.69,8.69,8.56,8.36,33544.45,-0.04,-0.47,8.494,8.468,8.061,42523.53,64215.84,75099.1,0.78
2014-09-25,8.63,8.84,8.6,8.53,64843.94,0.04,0.47,8.488,8.485,7.982,51838.77,73455.6,74538.9,1.51
2014-09-24,8.49,8.58,8.56,8.42,38999.95,0.07,0.82,8.434,8.491,7.903,47428.0,95850.86,72903.43,0.91
2014-09-23,8.26,8.56,8.49,8.2,33160.59,0.23,2.79,8.374,8.482,7.833,53010.17,105485.57,73681.52,0.77
2014-09-22,8.45,8.5,8.26,8.22,42068.71,-0.27,-3.17,8.362,8.403,7.773,71621.11,113473.67,73512.27,0.98
2014-09-19,8.32,8.74,8.53,8.24,80120.68,0.2,2.4,8.442,8.306,7.728,85908.14,113399.86,73012.37,1.86
2014-09-18,8.2,8.35,8.33,8.18,42790.08,0.07,0.85,8.482,8.177,7.664,95072.43,108204.01,70731.88,1.0
2014-09-17,8.4,8.4,8.26,8.03,66910.77,-0.17,-2.02,8.548,8.066,7.616,144273.72,107731.79,71099.34,1.56
2014-09-16,8.65,8.92,8.43,8.42,126215.33,-0.23,-2.66,8.59,7.959,7.569,157960.97,104654.54,69659.35,2.94
2014-09-15,8.65,8.75,8.66,8.44,113503.86,-0.07,-0.8,8.444,7.822,7.513,155326.23,94856.59,65753.13,2.64
2014-09-12,8.57,8.98,8.73,8.39,125942.09,0.07,0.81,8.17,7.654,7.437,140891.58,85982.37,61110.93,2.93
2014-09-11,8.75,9.32,8.66,8.4,288796.53,0.19,2.24,7.872,7.478,7.357,121335.6,75622.21,56167.25,6.72
2014-09-10,7.58,8.47,8.47,7.54,135347.06,0.77,10.0,7.584,7.315,7.285,71189.87,49955.99,43691.33,3.15
2014-09-09,7.26,7.83,7.7,7.25,113041.62,0.41,5.62,7.328,7.184,7.218,51348.1,41877.46,38485.19,2.63
2014-09-05,7.24,7.38,7.29,7.22,41330.62,0.05,0.69,7.2,7.143,7.195,34386.95,33550.87,34486.26,0.96
2014-09-04,7.24,7.3,7.24,7.22,28162.17,0.02,0.28,7.138,7.149,7.19,31073.15,32624.87,34445.92,0.65
2014-09-03,7.19,7.29,7.22,7.15,38067.87,0.03,0.42,7.084,7.15,7.19,29908.82,33259.75,35527.43,0.89
2014-09-02,7.09,7.2,7.19,7.06,36138.22,0.13,1.84,7.046,7.166,7.189,28722.12,34466.88,35738.59,0.84
2014-09-01,6.98,7.07,7.06,6.96,28235.86,0.08,1.15,7.04,7.178,7.19,32406.83,34664.16,36446.25,0.66
2014-08-29,6.91,7.0,6.98,6.91,24761.61,0.01,0.14,7.086,7.203,7.192,32714.8,36649.68,36979.49,0.58
2014-08-28,7.03,7.07,6.97,6.92,22340.53,-0.06,-0.85,7.16,7.22,7.19,34176.6,36239.49,37571.64,0.52
2014-08-27,7.2,7.2,7.03,6.96,32134.37,-0.13,-1.82,7.216,7.235,7.197,36610.67,36712.28,37883.75,0.75
2014-08-26,7.24,7.47,7.16,7.12,54561.76,-0.13,-1.78,7.286,7.254,7.201,40211.65,37426.66,39044.1,1.27
2014-08-25,7.37,7.41,7.29,7.21,29775.71,-0.06,-0.82,7.316,7.252,7.195,36921.49,35092.92,37754.82,0.69
2014-08-22,7.25,7.38,7.35,7.2,32070.63,0.1,1.38,7.32,7.247,7.18,40584.55,35421.65,38095.2,0.75
2014-08-21,7.33,7.42,7.25,7.2,34510.9,-0.13,-1.76,7.28,7.23,7.151,38302.39,36266.98,37492.84,0.8
2014-08-20,7.31,7.44,7.38,7.22,50139.25,0.07,0.96,7.254,7.23,7.124,36813.89,37795.1,37068.64,1.17
2014-08-19,7.32,7.34,7.31,7.22,38110.94,0.0,0.0,7.222,7.212,7.096,34641.68,37010.3,35942.45,0.89
2014-08-18,7.14,7.31,7.31,7.13,48091.05,0.16,2.24,7.188,7.202,7.079,33264.36,38228.34,34766.51,1.12
2014-08-15,7.12,7.17,7.15,7.09,20659.8,0.03,0.42,7.174,7.181,7.062,30258.74,37309.3,33048.79,0.48
2014-08-14,7.2,7.24,7.12,7.12,27068.42,-0.1,-1.39,7.18,7.16,7.052,34231.56,38903.78,32974.66,0.63
2014-08-13,7.14,7.31,7.22,7.12,39278.18,0.08,1.12,7.206,7.159,7.04,38776.32,39055.23,33136.01,0.91
2014-08-12,7.21,7.24,7.14,7.12,31224.35,-0.1,-1.38,7.202,7.148,7.032,39378.91,40661.54,33125.86,0.73
2014-08-11,7.18,7.27,7.24,7.13,33062.97,0.06,0.84,7.216,7.138,7.031,43192.32,40416.72,34153.75,0.77
2014-08-08,7.28,7.29,7.18,7.18,40523.89,-0.07,-0.97,7.188,7.113,7.023,44359.85,40768.75,34313.36,0.94
2014-08-07,7.2,7.26,7.25,7.12,49792.2,0.05,0.69,7.14,7.072,7.016,43576.0,38718.7,35597.06,1.16
2014-08-06,7.14,7.21,7.2,7.1,42291.15,-0.01,-0.14,7.112,7.017,7.014,39334.13,36342.17,40060.37,0.98
2014-08-05,7.12,7.22,7.21,7.01,50291.37,0.11,1.55,7.094,6.979,6.995,41944.16,34874.6,40390.38,1.17
2014-08-04,6.91,7.12,7.1,6.89,38900.63,0.16,2.31,7.06,6.955,6.974,37641.13,31304.68,39497.31,0.9
2014-08-01,7.08,7.11,6.94,6.89,36604.64,-0.17,-2.39,7.038,6.942,6.952,37177.65,28788.28,38755.55,0.85
2014-07-31,7.08,7.14,7.11,6.99,28582.87,0.0,0.0,7.004,6.943,6.939,33861.41,27045.54,38470.67,0.66
2014-07-30,7.01,7.26,7.11,6.95,55341.29,0.07,0.99,6.922,6.92,6.912,33350.2,27216.8,37832.4,1.29
2014-07-29,7.0,7.08,7.04,6.95,28776.21,0.05,0.71,6.864,6.915,6.884,27805.04,25590.19,36148.37,0.67
2014-07-28,6.72,7.01,6.99,6.72,36583.24,0.22,3.25,6.85,6.924,6.859,24968.22,27890.78,36567.99,0.85
2014-07-25,6.68,6.78,6.77,6.68,20023.44,0.07,1.04,6.846,6.933,6.839,20398.9,27857.98,35623.23,0.47
2014-07-24,6.82,6.86,6.7,6.54,26026.84,-0.12,-1.76,6.882,6.96,6.826,20229.68,32475.41,35462.02,0.61
2014-07-23,6.95,7.01,6.82,6.79,27615.48,-0.15,-2.15,6.918,7.011,6.817,21083.4,43778.57,35842.2,0.64
2014-07-22,6.94,7.0,6.97,6.91,14592.12,0.0,0.0,6.966,7.01,6.789,23375.34,45906.16,35011.2,0.34
2014-07-21,6.93,7.02,6.97,6.85,13736.63,0.02,0.29,6.998,6.992,6.759,30813.34,47689.95,34927.7,0.32
2014-07-18,6.83,7.01,6.95,6.83,19177.31,0.07,1.02,7.02,6.962,6.723,35317.06,48722.83,34787.74,0.45
2014-07-17,7.05,7.05,6.88,6.79,30295.46,-0.18,-2.55,7.038,6.935,6.687,44721.15,49895.8,34471.76,0.7
2014-07-16,7.1,7.25,7.06,6.92,39075.17,-0.07,-0.98,7.104,6.904,6.653,66473.74,48448.0,33813.17,0.91
2014-07-15,7.09,7.4,7.13,7.04,51782.11,0.05,0.71,7.054,6.853,6.62,68436.98,46706.55,32596.93,1.2
2014-07-14,7.01,7.09,7.08,6.94,36255.24,0.04,0.57,6.986,6.794,6.59,64566.56,45245.21,31286.14,0.84
2014-07-11,7.15,7.2,7.04,6.98,66197.76,-0.17,-2.36,6.904,6.745,6.569,62128.61,43388.47,30723.63,1.54
2014-07-10,6.86,7.48,7.21,6.77,139058.42,0.4,5.87,6.832,6.691,6.553,55070.46,38448.64,29348.23,3.23
2014-07-09,6.77,6.96,6.81,6.65,48891.39,0.02,0.29,6.704,6.622,6.525,30422.27,27905.82,24121.4,1.14
2014-07-08,6.62,6.84,6.79,6.62,32429.97,0.12,1.8,6.652,6.568,6.51,24976.12,24116.23,22797.44,0.75
2014-07-07,6.7,6.73,6.67,6.62,24065.49,-0.01,-0.15,6.602,6.525,6.5,25923.86,22165.45,22608.24,0.56
2014-07-04,6.57,6.68,6.68,6.53,30907.03,0.11,1.67,6.586,6.483,6.496,24648.34,20852.65,23367.72,0.72
2014-07-03,6.55,6.65,6.57,6.52,15817.46,0.02,0.3,6.55,6.439,6.495,21826.81,19047.71,25075.01,0.37
2014-07-02,6.51,6.6,6.55,6.49,21660.63,0.01,0.15,6.54,6.401,6.489,25389.37,19178.34,26435.68,0.5
2014-07-01,6.6,6.69,6.54,6.53,37168.71,-0.05,-0.76,6.484,6.387,6.471,23256.35,18487.31,26017.01,0.86
2014-06-30,6.5,6.59,6.59,6.46,17687.86,0.09,1.39,6.448,6.385,6.457,18407.03,17327.07,24972.06,0.41
2014-06-27,6.5,6.57,6.5,6.47,16799.4,-0.02,-0.31,6.38,6.393,6.439,17056.96,18058.8,24611.08,0.39
2014-06-26,6.25,6.58,6.52,6.25,33630.27,0.25,3.99,6.328,6.415,6.425,16268.61,20247.81,24704.27,0.78
2014-06-25,6.35,6.35,6.27,6.22,10995.5,-0.09,-1.42,6.262,6.427,6.413,12967.3,20336.98,23980.86,0.26
2014-06-24,6.25,6.37,6.36,6.22,12922.14,0.11,1.76,6.29,6.451,6.407,13718.28,21478.65,23982.64,0.3
2014-06-23,6.2,6.28,6.25,6.19,10937.51,0.01,0.16,6.322,6.475,6.4,16247.1,23051.04,24016.44,0.25
2014-06-20,6.19,6.26,6.24,6.13,12857.62,0.05,0.81,6.406,6.508,6.394,19060.63,25882.79,23877.28,0.3
2014-06-19,6.41,6.49,6.19,6.18,17123.73,-0.22,-3.43,6.502,6.55,6.385,24227.02,31102.3,23887.87,0.4
2014-06-18,6.49,6.55,6.41,6.4,14750.38,-0.11,-1.69,6.592,6.576,6.38,27706.65,33693.03,23477.98,0.34
2014-06-17,6.62,6.67,6.52,6.47,25566.25,-0.15,-2.25,6.612,6.554,6.359,29239.01,33546.7,23245.15,0.59
2014-06-16,6.78,6.78,6.67,6.63,25005.17,-0.05,-0.74,6.628,6.529,6.332,29854.98,32617.05,22562.79,0.58
2014-06-13,6.58,6.73,6.72,6.56,38689.57,0.08,1.21,6.61,6.484,6.305,32704.94,31163.36,21808.56,0.9
2014-06-12,6.5,6.73,6.64,6.45,34521.89,0.13,2.0,6.598,6.434,6.275,37977.58,29160.72,20682.37,0.8
2014-06-11,6.59,6.62,6.51,6.48,22412.19,-0.09,-1.36,6.56,6.398,6.251,39679.4,27624.74,19592.5,0.52
2014-06-10,6.6,6.64,6.6,6.45,28646.08,0.02,0.3,6.496,6.363,6.235,37854.39,26486.63,19644.69,0.67
2014-06-09,6.6,6.76,6.58,6.55,39254.97,-0.08,-1.2,6.43,6.324,6.213,35379.12,24981.83,19440.67,0.91
2014-06-06,6.43,6.78,6.66,6.37,65052.78,0.21,3.26,6.358,6.28,6.181,29621.79,21871.77,18162.1,1.51
2014-06-05,6.2,6.78,6.45,6.14,43030.98,0.26,4.2,6.27,6.22,6.151,20343.86,16673.44,15692.78,1.0
2014-06-04,6.3,6.3,6.19,6.11,13287.12,-0.08,-1.28,6.236,6.183,6.133,15570.07,13262.94,14525.09,0.31
2014-06-03,6.24,6.38,6.27,6.22,16269.76,0.05,0.8,6.23,6.164,6.129,15118.87,12943.6,14857.95,0.38
2014-05-30,6.22,6.25,6.22,6.15,10468.3,0.0,0.0,6.218,6.135,6.122,14584.54,12508.53,14961.71,0.24
2014-05-29,6.28,6.34,6.22,6.2,18663.16,-0.06,-0.95,6.202,6.126,6.114,14121.75,12453.76,15246.18,0.43
2014-05-28,6.22,6.29,6.28,6.2,19162.01,0.12,1.95,6.17,6.115,6.101,13003.02,12204.02,15113.05,0.45
2014-05-27,6.24,6.24,6.16,6.16,11031.1,-0.05,-0.81,6.13,6.104,6.079,10955.8,11560.27,15350.49,0.26
2014-05-26,6.14,6.27,6.21,6.14,13598.13,0.07,1.14,6.098,6.106,6.076,10768.34,12802.75,16022.57,0.32
2014-05-23,6.06,6.15,6.14,6.06,8154.34,0.08,1.32,6.052,6.102,6.08,10432.52,13899.5,16724.25,0.19
2014-05-22,6.08,6.19,6.06,6.05,13069.5,-0.02,-0.33,6.05,6.081,6.098,10785.78,14452.43,17596.66,0.3
2014-05-21,5.96,6.11,6.08,5.91,8925.94,0.08,1.33,6.06,6.081,6.127,11405.02,14712.13,18360.39,0.21
2014-05-20,6.0,6.08,6.0,5.95,10093.79,0.02,0.33,6.078,6.082,6.149,12164.74,15787.25,20039.35,0.23
2014-05-19,6.11,6.11,5.98,5.95,11919.05,-0.15,-2.45,6.114,6.093,6.189,14837.15,16772.3,20505.3,0.28
2014-05-16,6.1,6.14,6.13,6.04,9920.6,0.02,0.33,6.152,6.108,6.23,17366.48,17414.89,21269.25,0.23
2014-05-15,6.17,6.24,6.11,6.11,16165.72,-0.06,-0.97,6.112,6.101,6.261,18119.09,18038.6,23453.78,0.38
2014-05-14,6.15,6.2,6.17,6.1,12724.54,-0.01,-0.16,6.102,6.086,6.306,18019.23,18022.08,24615.92,0.3
2014-05-13,6.16,6.32,6.18,6.15,23455.86,0.01,0.16,6.086,6.054,6.349,19409.75,19140.71,26061.23,0.55
2014-05-12,6.0,6.21,6.17,5.96,24565.69,0.27,4.58,6.072,6.045,6.393,18707.44,19242.39,27967.86,0.57
2014-05-09,6.04,6.09,5.93,5.85,13683.63,-0.13,-2.15,6.064,6.058,6.436,17463.29,19549.0,31171.62,0.32
2014-05-08,6.04,6.17,6.06,6.03,15666.45,-0.03,-0.49,6.09,6.115,6.504,17958.11,20740.89,35778.4,0.36
2014-05-07,6.08,6.23,6.09,6.04,19677.13,-0.02,-0.33,6.07,6.173,6.571,18024.92,22008.66,42288.21,0.46
2014-05-06,6.14,6.21,6.11,6.09,19944.3,-0.02,-0.33,6.022,6.216,6.62,18871.67,24291.45,44682.61,0.46
2014-05-05,6.11,6.16,6.13,6.0,18344.95,0.07,1.16,6.018,6.285,6.661,19777.33,24238.29,48499.07,0.43
2014-04-30,6.03,6.08,6.06,5.94,16157.74,0.1,1.68,6.052,6.351,6.707,21634.7,25123.61,53532.64,0.38
2014-04-29,5.8,5.97,5.96,5.8,16000.48,0.11,1.88,6.14,6.421,6.724,23523.66,28868.96,55130.93,0.37
2014-04-28,6.21,6.23,5.85,5.83,23910.89,-0.24,-3.94,6.276,6.525,6.758,25992.4,31209.76,56346.68,0.56
2014-04-25,6.34,6.36,6.09,6.09,24472.59,-0.21,-3.33,6.41,6.644,6.796,29711.23,32981.74,58927.28,0.57
2014-04-24,6.45,6.49,6.3,6.3,27631.8,-0.2,-3.08,6.552,6.74,6.853,28699.26,36693.34,61612.47,0.64
2014-04-23,6.65,6.67,6.5,6.46,25602.56,-0.14,-2.11,6.65,6.813,6.896,28612.52,42794.25,64208.88,0.6
2014-04-22,6.51,6.65,6.64,6.5,28344.15,0.12,1.84,6.702,6.893,6.941,34214.26,50815.92,69823.73,0.66
2014-04-21,6.78,6.79,6.52,6.51,42505.04,-0.28,-4.12,6.774,6.969,6.982,36427.12,62567.75,74900.14,0.99
2014-04-18,6.79,6.82,6.8,6.68,19412.73,0.01,0.15,6.878,7.023,7.026,36252.26,65073.76,82544.72,0.45
2014-04-17,6.78,6.86,6.79,6.73,27198.1,0.03,0.44,6.928,7.036,7.053,44687.42,72759.84,93568.17,0.63
2014-04-16,6.98,6.98,6.76,6.7,53611.26,-0.24,-3.43,6.976,7.062,7.071,56975.99,81941.68,102844.35,1.25
2014-04-15,7.1,7.14,7.0,7.0,39408.46,-0.04,-0.57,7.084,7.027,7.062,67417.58,81392.89,102595.01,0.92
2014-04-14,7.01,7.1,7.04,6.95,41630.73,-0.01,-0.14,7.164,6.99,7.032,88708.39,81483.59,104469.56,0.97
2014-04-11,6.98,7.2,7.05,6.88,61588.54,0.02,0.28,7.168,6.947,7.016,93895.27,84872.81,105718.82,1.43
2014-04-10,7.25,7.28,7.03,7.01,88640.95,-0.27,-3.7,7.144,6.965,6.993,100832.26,86531.6,110285.77,2.06
2014-04-09,7.6,7.6,7.3,7.08,105819.22,-0.1,-1.35,7.148,6.979,6.997,106907.36,85623.5,116326.34,2.46
2014-03-18,7.0,7.62,7.4,6.88,145862.5,0.34,4.82,6.97,6.989,6.962,95368.2,88831.54,114459.38,3.39
2014-03-17,6.92,7.07,7.06,6.8,67565.14,0.13,1.88,6.816,6.995,6.913,74258.8,87232.52,108798.29,1.57
2014-03-14,6.94,7.05,6.93,6.78,96273.51,-0.12,-1.7,6.726,7.029,6.888,75850.35,100015.68,107581.83,2.24
2014-03-13,6.55,7.05,7.05,6.55,119016.45,0.64,9.98,6.786,7.07,6.864,72230.93,114376.5,104262.43,2.77
2014-03-12,6.5,6.59,6.41,6.25,48123.42,-0.22,-3.32,6.81,7.08,6.832,64339.63,123747.03,100853.45,1.12
2014-03-11,6.74,6.74,6.63,6.48,40315.47,0.02,0.3,7.008,7.096,6.837,82294.88,123797.12,101611.73,0.94
2014-03-10,7.22,7.22,6.61,6.59,75522.92,-0.62,-8.57,7.174,7.073,6.83,100206.25,127455.52,104553.32,1.76
2014-03-07,7.19,7.36,7.23,7.09,78176.38,0.06,0.84,7.332,7.084,6.808,124181.0,126564.84,103348.69,1.82
2014-03-06,7.27,7.35,7.17,7.08,79559.98,-0.23,-3.11,7.354,7.021,6.748,156522.08,134039.95,100530.91,1.85
2014-03-05,7.47,7.71,7.4,7.15,137899.67,-0.06,-0.8,7.35,7.014,6.691,183154.43,147029.19,97446.4,3.21
2014-03-04,7.25,7.48,7.46,7.08,129872.29,0.06,0.81,7.184,6.934,6.62,165299.36,140087.22,91437.89,3.02
2014-03-03,7.2,7.87,7.4,7.2,195396.67,0.06,0.82,6.972,6.831,6.548,154704.79,130364.06,86116.85,4.54
2014-02-28,7.0,7.7,7.34,6.84,239881.78,0.19,2.66,6.836,6.747,6.483,128948.68,115147.99,78132.05,5.58
2014-02-27,6.56,7.23,7.15,6.43,212721.73,0.58,8.83,6.688,6.658,6.417,111557.82,94148.36,67815.57,4.95
2014-02-26,6.28,6.57,6.57,6.18,48624.35,0.17,2.66,6.678,6.584,6.357,110903.95,77959.87,58413.08,1.13
2014-02-25,6.84,7.03,6.4,6.35,76899.4,-0.32,-4.76,6.684,6.577,6.328,114875.07,79426.34,57619.96,1.79
2014-02-24,6.46,6.73,6.72,6.35,66616.12,0.12,1.82,6.69,6.586,6.3,106023.33,81651.13,54860.4,1.55
2014-02-21,7.1,7.12,6.6,6.4,152927.52,-0.5,-7.04,6.658,6.531,6.25,101347.3,80132.54,52693.7,3.56
2014-02-20,6.74,7.26,7.1,6.73,209452.34,0.5,7.58,6.628,6.474,6.214,76738.89,67021.86,46608.93,4.87
2014-02-19,6.43,6.75,6.6,6.4,68479.99,0.17,2.64,6.49,6.367,6.161,45015.79,47863.62,38696.41,1.59
2014-02-18,6.56,6.57,6.43,6.41,32640.68,-0.13,-1.98,6.47,6.306,6.125,43977.6,42788.55,37971.72,0.76
2014-02-17,6.48,6.58,6.56,6.41,43235.96,0.11,1.71,6.482,6.264,6.095,57278.92,41869.65,37711.56,1.01
2014-02-14,6.4,6.49,6.45,6.34,29885.47,0.04,0.62,6.404,6.218,6.05,58917.78,41116.12,36297.29,0.7
2014-02-13,6.5,6.58,6.41,6.38,50836.87,-0.09,-1.39,6.32,6.176,6.009,57304.84,41482.78,36085.45,1.18
2014-02-12,6.46,6.6,6.5,6.32,63289.02,0.01,0.15,6.244,6.13,5.97,50711.44,38866.29,34585.81,1.47
2014-02-11,6.23,6.75,6.49,6.15,99147.3,0.32,5.19,6.142,6.079,5.93,41599.5,35813.58,32413.77,2.31
2014-02-10,6.01,6.19,6.17,6.01,51430.22,0.14,2.32,6.046,6.013,5.89,26460.37,28069.68,28380.82,1.2
2014-02-07,5.95,6.12,6.03,5.94,21820.78,0.0,0.0,6.032,5.969,5.863,23314.46,25254.87,26772.44,0.51
2014-01-30,6.05,6.1,6.03,6.0,17869.89,0.04,0.67,6.032,5.953,5.851,25660.72,26196.0,27050.24,0.42
2014-01-29,6.0,6.06,5.99,5.98,17729.32,-0.02,-0.33,6.016,5.954,5.851,27021.15,29529.2,27515.77,0.41
2014-01-28,6.1,6.14,6.01,5.99,23451.63,-0.09,-1.48,6.016,5.944,5.851,30027.66,33154.89,28337.77,0.55
2014-01-27,6.0,6.14,6.1,5.92,35700.68,0.07,1.16,5.98,5.925,5.853,29678.99,33553.46,30715.41,0.83
2014-01-24,5.91,6.05,6.03,5.9,33552.08,0.08,1.34,5.906,5.882,5.856,27195.27,31478.45,33261.96,0.78
2014-01-23,5.99,6.05,5.95,5.94,24672.02,-0.04,-0.67,5.874,5.841,5.834,26731.29,30688.12,33101.43,0.57
2014-01-22,5.85,5.99,5.99,5.82,32761.87,0.16,2.74,5.892,5.809,5.829,32037.25,30305.33,33602.39,0.76
2014-01-21,5.75,5.85,5.83,5.7,21708.32,0.1,1.75,5.872,5.78,5.813,36282.13,29013.96,32977.88,0.5
2014-01-20,5.85,5.94,5.73,5.67,23282.08,-0.14,-2.38,5.87,5.767,5.805,37427.93,28691.97,33015.17,0.54
2014-01-17,5.95,6.02,5.87,5.86,31232.14,-0.17,-2.81,5.858,5.756,5.808,35761.63,28290.0,33446.74,0.73
2014-01-16,5.85,6.16,6.04,5.8,51201.86,0.15,2.55,5.808,5.749,5.819,34644.95,27904.48,33009.2,1.19
2014-01-15,6.0,6.08,5.89,5.81,53986.25,0.07,1.2,5.726,5.747,5.824,28573.41,25502.34,31604.31,1.26
2014-01-14,5.73,5.86,5.82,5.65,27437.34,0.15,2.65,5.688,5.758,5.833,21745.78,23520.66,29969.66,0.64
2014-01-13,5.54,5.73,5.67,5.54,14950.56,0.05,0.89,5.664,5.781,5.846,19956.0,27877.37,30203.72,0.35
2014-01-10,5.55,5.79,5.62,5.55,25648.76,-0.01,-0.18,5.654,5.829,5.874,20818.38,35045.47,30549.61,0.6
2014-01-09,5.63,5.77,5.63,5.62,20844.15,-0.07,-1.23,5.69,5.826,5.902,21164.0,35514.75,31053.8,0.48
2014-01-08,5.74,5.78,5.7,5.62,19848.09,0.0,0.0,5.768,5.849,5.934,22431.26,36899.44,33199.19,0.46
2014-01-07,5.58,5.75,5.7,5.58,18488.44,0.08,1.42,5.828,5.845,5.976,25295.53,36941.8,35335.31,0.43
2014-01-06,5.76,5.76,5.62,5.57,19262.45,-0.18,-3.1,5.898,5.842,6.028,35798.73,37338.37,37713.91,0.45
2014-01-03,6.02,6.02,5.8,5.8,27376.88,-0.22,-3.65,6.004,5.86,6.081,49272.57,38603.47,41942.8,0.64
2014-01-02,5.99,6.05,6.02,5.92,27180.46,0.02,0.33,5.962,5.888,6.119,49865.5,38113.92,43629.82,0.63
2013-12-31,5.93,6.11,6.0,5.89,34169.42,-0.05,-0.83,5.93,5.9,6.149,51367.61,37706.29,48480.9,0.79
2013-12-30,6.15,6.23,6.05,5.95,71004.44,-0.1,-1.63,5.862,5.908,6.176,48588.07,36418.66,54834.6,1.65
2013-12-27,5.53,6.15,6.15,5.53,86631.65,0.56,10.02,5.786,5.91,6.196,38878.02,32530.08,59968.98,2.01
2013-12-26,5.82,5.83,5.59,5.59,30341.51,-0.27,-4.61,5.716,5.919,6.204,27934.37,26053.74,58657.11,0.71
2013-12-25,5.68,5.93,5.86,5.65,34691.04,0.2,3.53,5.814,5.978,6.243,26362.35,26592.84,61030.41,0.81
2013-12-24,5.71,5.76,5.66,5.61,20271.72,-0.01,-0.18,5.87,6.018,6.266,24044.97,29498.95,62169.46,0.47
2013-12-23,5.81,5.89,5.67,5.62,22454.16,-0.13,-2.24,5.954,6.106,6.303,24249.24,33728.82,65268.43,0.52
2013-12-20,6.06,6.09,5.8,5.79,31913.44,-0.28,-4.61,6.034,6.214,6.332,26182.14,38089.45,67544.6,0.74
2013-12-19,6.19,6.24,6.08,6.05,22481.41,-0.06,-0.98,6.122,6.302,6.357,24173.11,45282.12,70312.82,0.52
2013-12-18,6.08,6.26,6.14,6.07,23104.11,0.06,0.99,6.142,6.349,6.378,26823.33,49145.72,73565.12,0.54
2013-12-17,6.11,6.15,6.08,6.04,21293.08,0.01,0.17,6.166,6.397,6.401,34952.93,59255.51,77129.19,0.5
2013-12-16,6.24,6.26,6.07,6.01,32118.66,-0.17,-2.72,6.258,6.444,6.433,43208.39,73250.55,83378.72,0.75
2013-12-13,6.17,6.3,6.24,6.14,21868.31,0.06,0.97,6.394,6.481,6.46,49996.76,87407.87,89002.82,0.51
2013-12-12,6.24,6.3,6.18,6.15,35732.49,-0.08,-1.28,6.482,6.488,6.465,66391.13,91260.47,94152.49,0.83
2013-12-11,6.46,6.5,6.26,6.15,63752.1,-0.28,-4.28,6.556,6.507,6.474,71468.12,95467.98,98568.07,1.48
2013-12-10,6.75,6.77,6.54,6.48,62570.4,-0.21,-3.11,6.628,6.513,6.471,83558.09,94839.96,103652.72,1.46
2013-12-09,6.74,6.85,6.75,6.61,66060.51,0.07,1.05,6.63,6.499,6.489,103292.7,96808.04,108053.17,1.54
2013-12-06,6.56,6.87,6.68,6.55,103840.17,0.13,1.99,6.568,6.45,6.505,124818.99,96999.75,113054.36,2.41
2013-12-05,6.6,6.66,6.55,6.49,61117.41,-0.07,-1.06,6.494,6.411,6.527,116129.81,95343.51,122444.37,1.42
2013-12-04,6.45,6.72,6.62,6.42,124201.96,0.07,1.07,6.458,6.407,6.553,119467.83,97984.52,129386.78,2.89
2013-12-03,6.06,6.73,6.55,5.8,161243.44,0.11,1.71,6.398,6.405,6.543,106121.83,95002.87,135827.18,3.75
2013-12-02,6.29,6.9,6.44,6.22,173691.95,0.13,2.06,6.368,6.422,6.553,90323.39,93506.9,137457.19,4.04
2013-11-29,6.32,6.4,6.31,6.27,60394.27,-0.06,-0.94,6.332,6.439,6.538,69180.51,90597.77,136329.28,1.4
2013-11-28,6.34,6.48,6.37,6.33,77807.54,0.05,0.79,6.328,6.442,6.524,74557.22,97044.51,142079.98,1.81
2013-11-27,6.35,6.39,6.32,6.2,57471.97,-0.08,-1.25,6.356,6.44,6.526,76501.21,101668.17,153766.18,1.34
2013-11-26,6.28,6.5,6.4,6.23,82251.2,0.14,2.24,6.412,6.429,6.539,83883.91,112465.48,160129.03,1.91
2013-11-25,6.22,6.32,6.26,6.14,67977.59,-0.03,-0.48,6.476,6.478,6.517,96690.41,119298.3,169495.71,1.58
2013-11-22,6.45,6.48,6.29,6.25,87277.79,-0.22,-3.38,6.546,6.559,6.476,112015.03,129108.97,169284.87,2.03
2013-11-21,6.53,6.67,6.51,6.42,87527.5,-0.09,-1.36,6.556,6.642,6.435,119531.8,149545.23,168204.92,2.04
2013-11-20,6.7,6.7,6.6,6.49,94385.48,-0.12,-1.79,6.524,6.698,6.376,126835.14,160789.03,165580.03,2.2
2013-11-19,6.56,6.79,6.72,6.47,146283.7,0.11,1.66,6.446,6.681,6.311,141047.04,176651.48,163225.1,3.4
2013-11-18,6.34,6.63,6.61,6.26,144600.69,0.27,4.26,6.48,6.684,6.253,141906.19,181407.47,159599.4,3.36
2013-11-15,6.3,6.55,6.34,6.27,124861.64,-0.01,-0.16,6.572,6.637,6.201,146202.91,182060.79,155699.84,2.9
2013-11-14,6.19,6.39,6.35,6.02,124044.17,0.14,2.25,6.728,6.605,6.156,179558.65,187115.45,152674.17,2.88
2013-11-13,6.66,6.67,6.21,6.2,165445.02,-0.68,-9.87,6.872,6.612,6.113,194742.92,205864.19,151070.4,3.85
2013-11-12,6.9,6.99,6.89,6.67,150579.41,-0.18,-2.55,6.916,6.648,6.089,212255.92,207792.58,152201.7,3.5
2013-11-11,7.0,7.34,7.07,6.9,166084.33,-0.05,-0.7,6.888,6.556,6.028,220908.76,219693.12,154974.71,3.86
2013-11-08,7.08,7.35,7.12,6.81,291640.34,0.05,0.71,6.702,6.392,5.932,217918.67,209460.76,149951.07,6.78
2013-11-07,6.23,7.07,7.07,6.17,199965.52,0.64,9.95,6.482,6.227,5.828,194672.25,186864.61,136421.73,4.65
2013-11-06,6.74,6.94,6.43,6.41,253010.0,-0.32,-4.74,6.352,6.054,5.724,216985.45,170371.02,127562.45,5.88
2013-11-05,6.02,6.75,6.75,5.88,193843.59,0.61,9.94,6.38,5.941,5.655,203329.24,149798.72,116208.87,4.51
2013-11-04,6.04,6.18,6.14,5.93,151133.91,0.12,1.99,6.224,5.821,5.565,218477.49,137791.34,107463.86,3.51
2013-11-01,6.28,6.28,6.02,5.98,175408.23,-0.4,-6.23,6.082,5.764,5.502,201002.86,129338.88,100483.0,4.08
2013-10-31,7.0,7.0,6.42,6.26,311531.5,-0.15,-2.28,5.972,5.706,5.445,179056.97,118232.89,92438.32,7.25
2013-10-30,6.1,6.57,6.57,6.0,184728.98,0.6,10.05,5.756,5.614,5.368,123756.59,96276.61,78204.34,4.3
2013-10-29,5.33,5.97,5.97,5.33,269584.84,0.54,9.95,5.502,5.53,5.285,96268.2,96610.83,69927.05,6.27
2013-10-28,5.46,5.69,5.43,5.36,63760.73,-0.04,-0.73,5.418,5.5,5.232,57105.18,90256.29,57708.15,1.48
2013-10-25,5.34,5.6,5.47,5.33,65678.82,0.13,2.43,5.446,5.472,5.209,57674.91,90441.38,55527.84,1.53
2013-10-24,5.3,5.47,5.34,5.25,35029.6,0.04,0.76,5.44,5.429,5.18,57408.8,85978.85,53326.2,0.81
2013-10-23,5.51,5.63,5.3,5.16,47287.01,-0.25,-4.5,5.472,5.393,5.158,68796.63,84753.89,53196.36,1.1
2013-10-22,5.52,5.74,5.55,5.42,73769.73,-0.02,-0.36,5.558,5.368,5.148,96953.46,82619.02,52150.65,1.72
2013-10-21,5.45,5.58,5.57,5.3,66609.39,0.13,2.39,5.582,5.309,5.126,123407.4,77136.38,50019.58,1.55
2013-10-18,5.75,5.75,5.44,5.35,64348.28,-0.06,-1.09,5.498,5.24,5.107,123207.85,71627.12,49177.21,1.5
2013-10-17,5.57,5.68,5.5,5.44,91968.76,-0.23,-4.01,5.418,5.183,5.09,114548.9,66643.75,48301.32,2.14
2013-10-16,5.49,5.89,5.73,5.47,188071.12,0.06,1.06,5.314,5.122,5.072,100711.14,60132.07,46817.63,4.37
2013-10-15,5.16,5.67,5.67,5.05,206039.45,0.52,10.1,5.178,5.04,5.034,68284.58,43243.27,39301.12,4.79
2013-10-14,5.09,5.18,5.15,5.02,65611.64,0.11,2.18,5.036,4.964,4.999,30865.36,25160.01,29791.18,1.53
2013-10-11,5.0,5.04,5.04,4.99,21053.51,0.06,1.21,4.982,4.945,4.99,20046.39,20614.29,27614.37,0.49
2013-10-10,5.02,5.11,4.98,4.98,22779.99,-0.07,-1.39,4.948,4.93,4.991,18738.6,20673.55,27499.91,0.53
2013-10-09,4.96,5.07,5.05,4.94,25938.29,0.09,1.81,4.93,4.922,4.995,19553.0,21638.84,27539.92,0.6
2013-10-08,4.91,4.98,4.96,4.87,18943.39,0.08,1.64,4.902,4.927,4.992,18201.97,21682.28,27557.69,0.44
2013-09-30,4.87,4.9,4.88,4.86,11516.79,0.01,0.2,4.892,4.943,4.986,19454.66,22902.79,27778.06,0.27
2013-09-27,4.9,4.94,4.87,4.85,14514.55,-0.02,-0.41,4.908,4.973,4.992,21182.19,26727.3,28315.31,0.34
2013-09-26,4.89,5.03,4.89,4.87,26851.99,-0.02,-0.41,4.912,4.997,4.999,22608.5,29958.89,28920.81,0.62
2013-09-25,4.92,4.92,4.91,4.87,19183.13,0.0,0.0,4.914,5.022,5.01,23724.67,33503.18,28743.64,0.45
2013-09-24,4.95,4.97,4.91,4.86,25206.84,-0.05,-1.01,4.952,5.028,5.019,25162.58,35358.98,29207.86,0.59
2013-09-23,4.91,4.98,4.96,4.88,20154.44,0.07,1.43,4.994,5.034,5.02,26350.91,34422.34,29155.68,0.47
2013-09-18,4.91,4.93,4.89,4.84,21646.09,-0.01,-0.2,5.038,5.035,5.022,32272.42,34614.45,29020.63,0.5
2013-09-17,5.08,5.1,4.9,4.85,32432.87,-0.2,-3.92,5.082,5.052,5.03,37309.28,34326.28,28963.12,0.75
2013-09-16,5.12,5.16,5.1,5.06,26372.68,-0.02,-0.39,5.13,5.067,5.03,43281.69,33441.01,28955.33,0.61
2013-09-13,5.17,5.19,5.12,5.1,31148.48,-0.06,-1.16,5.104,5.057,5.028,45555.37,33433.11,28863.76,0.72
2013-09-12,5.11,5.18,5.18,5.07,49761.97,0.07,1.37,5.074,5.029,5.025,42493.78,32653.34,28814.39,1.16
2013-09-11,5.14,5.15,5.11,5.05,46830.39,-0.03,-0.58,5.032,5.01,5.024,36956.49,29903.32,27949.51,1.09
2013-09-10,4.99,5.15,5.14,4.98,62294.95,0.17,3.42,5.022,5.0,5.032,31343.28,27882.74,27718.95,1.45
2013-09-09,4.98,5.02,4.97,4.9,37741.04,0.0,0.0,5.004,4.998,5.047,23600.32,23984.11,26496.33,0.88
2013-09-06,4.98,5.01,4.97,4.94,15840.53,0.0,0.0,5.01,5.009,5.069,21310.85,23056.75,26885.05,0.37
2013-09-05,5.06,5.06,4.97,4.95,22075.53,-0.09,-1.78,4.984,5.005,5.082,22812.9,23889.01,27507.3,0.51
2013-09-04,5.03,5.06,5.06,4.98,18764.35,0.01,0.2,4.988,5.009,5.093,22850.16,23426.8,28106.47,0.44
2013-09-03,4.98,5.05,5.05,4.93,23580.17,0.05,1.0,4.978,5.007,5.103,24422.2,23599.96,28909.72,0.55
2013-09-02,4.84,5.0,5.0,4.8,26293.67,0.16,3.31,4.992,4.993,5.121,24367.89,24469.64,29215.94,0.61
2013-08-30,4.99,5.03,4.84,4.8,23350.78,-0.15,-3.01,5.008,4.999,5.141,24802.65,24294.42,29515.4,0.54
2013-08-29,5.04,5.06,4.99,4.91,22261.83,-0.02,-0.4,5.026,5.021,5.168,24965.13,24975.45,31135.42,0.52
2013-08-28,5.09,5.11,5.01,4.98,26624.54,-0.11,-2.15,5.03,5.037,5.183,24003.44,25995.7,31703.09,0.62
2013-08-27,5.1,5.15,5.12,5.06,23308.61,0.04,0.79,5.036,5.064,5.193,22777.71,27555.17,32286.06,0.54
2013-08-26,4.94,5.08,5.08,4.92,28467.47,0.15,3.04,4.994,5.095,5.201,24571.4,29008.55,33526.13,0.66
2013-08-23,5.0,5.04,4.93,4.89,24163.19,-0.08,-1.6,4.99,5.128,5.21,23786.2,30713.36,35343.91,0.56
2013-08-22,5.07,5.07,5.01,4.97,17453.39,-0.03,-0.59,5.016,5.159,5.217,24985.76,31125.59,35480.09,0.41
2013-08-21,4.91,5.05,5.04,4.91,20495.91,0.13,2.65,5.044,5.176,5.221,27987.95,32786.13,36355.33,0.48
2013-08-20,5.06,5.09,4.91,4.89,32277.02,-0.15,-2.96,5.092,5.199,5.222,32332.62,34219.49,37119.07,0.75
2013-08-19,5.0,5.11,5.06,4.96,24541.47,0.0,0.0,5.196,5.248,5.235,33445.7,33962.23,37761.84,0.57
2013-08-16,5.12,5.27,5.06,5.03,30161.02,-0.09,-1.75,5.266,5.283,5.238,37640.52,34736.38,38719.53,0.7
2013-08-15,5.27,5.31,5.15,5.15,32464.35,-0.13,-2.46,5.302,5.314,5.233,37265.41,37295.4,40633.65,0.75
2013-08-14,5.46,5.46,5.28,5.28,42219.24,-0.15,-2.76,5.308,5.328,5.243,37584.32,37410.48,40995.41,0.98
2013-08-13,5.45,5.47,5.43,5.37,37842.43,0.02,0.37,5.306,5.322,5.251,36106.36,37016.95,42045.21,0.88
2013-08-12,5.25,5.42,5.41,5.21,45515.54,0.17,3.24,5.3,5.306,5.257,34478.76,38043.71,44092.43,1.06
2013-08-09,5.2,5.27,5.24,5.15,28285.49,0.06,1.16,5.3,5.291,5.256,31832.25,39974.46,45425.5,0.66
2013-08-08,5.26,5.38,5.18,5.17,34058.88,-0.09,-1.71,5.326,5.274,5.259,37325.39,39834.59,47933.02,0.79
2013-08-07,5.4,5.4,5.27,5.25,34829.46,-0.13,-2.41,5.348,5.266,5.275,37236.65,39924.53,49837.82,0.81
2013-08-06,5.42,5.44,5.4,5.31,29704.45,-0.01,-0.18,5.338,5.245,5.284,37927.54,40018.64,51658.99,0.69
2013-08-05,5.42,5.45,5.41,5.3,32282.97,0.04,0.74,5.312,5.221,5.281,41608.66,41561.44,53531.65,0.75
2013-08-02,5.33,5.5,5.37,5.33,55751.17,0.08,1.51,5.282,5.192,5.271,48116.67,42702.68,57351.22,1.3
2013-08-01,5.22,5.3,5.29,5.21,33615.18,0.07,1.34,5.222,5.151,5.287,42343.8,43971.91,62599.36,0.78
2013-07-31,5.27,5.33,5.22,5.15,38283.92,-0.05,-0.95,5.184,5.157,5.329,42612.41,44580.34,65775.56,0.89
2013-07-30,5.26,5.36,5.27,5.05,48110.08,0.01,0.19,5.152,5.18,5.381,42109.75,47073.48,70299.14,1.12
2013-07-29,5.08,5.36,5.26,5.0,64823.01,0.19,3.75,5.13,5.208,5.433,41514.21,50141.15,73669.47,1.51
2013-07-26,5.09,5.15,5.07,5.01,26886.79,-0.03,-0.59,5.102,5.221,5.487,37288.69,50876.55,78048.52,0.63
2013-07-25,5.1,5.18,5.1,5.05,34958.23,0.04,0.79,5.08,5.243,5.542,45600.01,56031.44,83505.28,0.81
2013-07-24,5.16,5.18,5.06,5.0,35770.62,-0.1,-1.94,5.13,5.284,5.607,46548.26,59751.12,92492.46,0.83
2013-07-23,5.08,5.23,5.16,5.01,45132.4,0.04,0.78,5.208,5.322,5.652,52037.2,63299.34,101738.65,1.05
2013-07-22,4.93,5.14,5.12,4.76,43695.41,0.16,3.23,5.286,5.341,5.684,58768.09,65501.86,109140.62,1.02
2013-07-19,5.32,5.39,4.96,4.96,68443.41,-0.39,-7.29,5.34,5.349,5.691,64464.4,71999.76,112033.86,1.59
2013-07-18,5.4,5.48,5.35,5.25,39699.48,-0.1,-1.83,5.406,5.423,5.712,66462.87,81226.81,115391.68,0.92
2013-07-17,5.5,5.62,5.45,5.4,63215.32,-0.1,-1.8,5.438,5.501,5.699,72953.97,86970.79,118255.01,1.47
2013-07-16,5.38,5.55,5.55,5.26,78786.83,0.16,2.97,5.436,5.582,5.674,74561.48,93524.8,117528.7,1.83
2013-07-15,5.32,5.39,5.39,5.21,72176.96,0.1,1.89,5.396,5.657,5.647,72235.63,97197.8,117112.72,1.68
2013-07-12,5.52,5.55,5.29,5.27,78435.77,-0.22,-3.99,5.358,5.753,5.634,79535.12,105220.49,120204.1,1.82
2013-07-11,5.43,5.56,5.51,5.33,72154.99,0.07,1.29,5.44,5.841,5.622,95990.74,110979.13,122941.59,1.68
2013-07-10,5.3,5.48,5.44,5.26,71252.84,0.09,1.68,5.564,5.929,5.578,100987.61,125233.8,123836.18,1.66
2013-07-09,5.15,5.38,5.35,5.12,67157.58,0.15,2.88,5.728,5.982,5.544,112488.12,140177.95,125258.32,1.56
2013-07-08,5.49,5.51,5.2,5.19,108674.42,-0.5,-8.77,5.918,6.026,5.511,122159.97,152779.39,129401.16,2.53
2013-07-05,6.3,6.44,5.7,5.66,160713.88,-0.43,-7.01,6.148,6.032,5.475,130905.86,152067.97,124679.13,3.74
2013-07-04,6.17,6.27,6.13,6.02,97139.31,-0.13,-2.08,6.242,6.0,5.415,125967.51,149556.55,117737.92,2.26
2013-07-03,6.22,6.28,6.26,5.92,128755.41,-0.04,-0.64,6.294,5.897,5.333,149480.0,149539.23,113843.44,2.99
2013-07-02,6.36,6.45,6.3,6.1,115516.82,-0.05,-0.79,6.236,5.765,5.249,167867.78,141532.59,108426.25,2.69
2013-07-01,6.17,6.68,6.35,6.1,152403.88,0.18,2.92,6.134,5.637,5.163,183398.8,137027.64,103680.52,3.54
2013-06-28,6.15,6.39,6.17,6.02,136022.12,-0.22,-3.44,5.916,5.514,5.074,173230.08,135187.71,97162.47,3.16
2013-06-27,5.82,6.57,6.39,5.75,214701.77,0.42,7.04,5.758,5.403,4.995,173145.59,134904.06,91451.13,4.99
2013-06-26,5.93,6.15,5.97,5.72,220694.3,0.18,3.11,5.5,5.227,4.903,149598.47,122438.55,81901.96,5.13
2013-06-25,5.15,5.79,5.79,5.07,193171.95,0.53,10.08,5.294,5.105,4.831,115197.41,110338.69,72232.09,4.49
2013-06-24,5.37,5.47,5.26,5.03,101560.25,-0.12,-2.23,5.14,4.996,4.762,90656.47,106022.93,63523.54,2.36
2013-06-21,5.0,5.55,5.38,4.91,135599.7,0.28,5.49,5.112,4.918,4.723,97145.35,97290.29,59559.15,3.15
2013-06-20,4.89,5.19,5.1,4.84,96966.13,0.16,3.24,5.048,4.829,4.68,96662.52,85919.29,53964.68,2.26
2013-06-19,4.97,4.98,4.94,4.79,48689.0,-0.08,-1.59,4.954,4.769,4.649,95278.63,78147.64,50207.3,1.13
2013-06-18,5.04,5.08,5.02,4.93,70467.29,-0.1,-1.95,4.916,4.732,4.625,105479.98,75319.91,49158.24,1.64
2013-06-17,4.97,5.29,5.12,4.86,134004.61,0.06,1.19,4.852,4.688,4.597,121389.39,70333.4,46543.47,3.12
2013-06-14,4.62,5.06,5.06,4.62,133185.55,0.43,9.29,4.724,4.633,4.562,97435.23,59137.23,40665.45,3.1
2013-06-13,4.73,4.8,4.63,4.54,90046.72,-0.12,-2.53,4.61,4.587,4.529,75176.06,47998.2,35012.93,2.09
2013-06-07,4.7,4.87,4.75,4.6,99695.73,0.05,1.06,4.584,4.579,4.519,61016.65,41365.36,33003.52,2.32
2013-06-06,4.47,4.91,4.7,4.47,150014.33,0.22,4.91,4.548,4.556,4.498,45159.85,34125.49,28795.96,3.49
2013-06-05,4.52,4.53,4.48,4.46,14233.83,-0.01,-0.22,4.524,4.528,4.477,19277.42,21024.14,22142.43,0.33
2013-06-04,4.49,4.54,4.49,4.45,21889.67,-0.01,-0.22,4.542,4.528,4.467,20839.23,21828.02,22480.18,0.51
2013-06-03,4.53,4.58,4.5,4.49,19249.71,-0.07,-1.53,4.564,4.53,4.458,20820.34,22010.08,22206.2,0.45
2013-05-31,4.59,4.63,4.57,4.56,20411.71,-0.01,-0.22,4.574,4.528,4.448,21714.07,22266.96,22257.46,0.47
2013-05-30,4.57,4.6,4.58,4.54,20602.19,0.01,0.22,4.564,4.518,4.433,23091.12,22996.57,22089.39,0.48
2013-05-29,4.61,4.63,4.57,4.57,22042.89,-0.03,-0.65,4.532,4.505,4.412,22770.87,22753.55,21881.93,0.51
2013-05-28,4.54,4.6,4.6,4.53,21795.2,0.05,1.1,4.514,4.49,4.39,22816.8,22193.68,21192.28,0.51
2013-05-27,4.51,4.57,4.55,4.5,23718.37,0.03,0.66,4.496,4.47,4.369,23199.82,22027.66,20827.89,0.55
2013-05-24,4.44,4.55,4.52,4.39,27296.97,0.1,2.26,4.482,4.459,4.354,22819.85,24641.67,20370.81,0.63
2013-05-23,4.5,4.5,4.42,4.4,19000.9,-0.06,-1.34,4.472,4.439,4.336,22902.02,23466.44,19766.56,0.44
2013-05-22,4.49,4.55,4.48,4.44,22272.58,-0.03,-0.67,4.478,4.425,4.329,22736.22,23260.71,19621.65,0.52
2013-05-21,4.48,4.59,4.51,4.46,23710.26,0.03,0.67,4.466,4.406,4.317,21570.55,23132.33,19394.52,0.55
2013-05-20,4.45,4.5,4.48,4.45,21818.52,0.01,0.22,4.444,4.386,4.299,20855.51,22402.32,18626.07,0.51
2013-05-17,4.45,4.54,4.47,4.43,27707.86,0.02,0.45,4.436,4.367,4.282,26463.5,22247.97,18014.0,0.64
2013-05-16,4.4,4.46,4.45,4.37,18171.9,0.03,0.68,4.406,4.347,4.265,24030.85,21182.2,17279.84,0.42
2013-05-15,4.38,4.44,4.42,4.35,16444.21,0.02,0.46,4.372,4.319,4.246,23785.21,21010.31,17488.63,0.38
2013-05-14,4.44,4.44,4.4,4.35,20135.08,-0.04,-0.9,4.346,4.289,4.238,24694.11,20190.88,18903.14,0.47
2013-05-13,4.33,4.68,4.44,4.31,49858.45,0.12,2.78,4.328,4.267,4.227,23949.13,19628.12,18639.51,1.16
2013-05-10,4.26,4.34,4.32,4.24,15544.61,0.04,0.94,4.298,4.249,4.216,18032.43,16099.94,16830.68,0.36
2013-05-09,4.28,4.32,4.28,4.26,16943.68,-0.01,-0.23,4.288,4.232,4.212,18333.54,16066.68,16742.75,0.39
2013-05-08,4.31,4.35,4.29,4.27,20988.75,-0.02,-0.46,4.266,4.232,4.208,18235.42,15982.59,16589.98,0.49
2013-05-07,4.28,4.32,4.31,4.25,16410.14,0.02,0.47,4.232,4.228,4.208,15687.64,15656.7,16092.14,0.38
2013-05-06,4.27,4.3,4.29,4.25,20274.97,0.02,0.47,4.206,4.211,4.208,15307.11,14849.82,16225.92,0.47
2013-05-03,4.2,4.28,4.27,4.2,17050.18,0.1,2.4,4.2,4.196,4.213,14167.45,13780.04,15923.25,0.4
2013-05-02,4.13,4.25,4.17,4.1,16453.04,0.05,1.21,4.176,4.182,4.222,13799.82,13377.49,15734.68,0.38
2013-04-26,4.19,4.25,4.12,4.12,8249.85,-0.06,-1.44,4.198,4.173,4.234,13729.76,13966.95,16153.41,0.19
2013-04-25,4.25,4.27,4.18,4.16,14507.49,-0.08,-1.88,4.224,4.187,4.26,15625.76,17615.4,17163.28,0.34
2013-04-24,4.15,4.27,4.26,4.08,14576.7,0.11,2.65,4.216,4.187,4.286,14392.53,17650.9,17892.26,0.34
2013-04-23,4.28,4.31,4.15,4.08,15212.02,-0.13,-3.04,4.192,4.182,4.31,13392.62,17561.42,19442.5,0.35
2013-04-22,4.25,4.34,4.28,4.23,16102.74,0.03,0.71,4.188,4.191,4.336,12955.16,17418.81,20790.71,0.37
2013-04-19,4.14,4.25,4.25,4.12,17729.85,0.11,2.66,4.148,4.183,4.348,14204.15,17197.38,21729.46,0.41
2013-04-18,4.13,4.17,4.14,4.11,8341.35,0.0,0.0,4.15,4.188,4.365,19605.04,16527.59,22252.59,0.19
2013-04-17,4.13,4.15,4.14,4.1,9577.15,0.01,0.24,4.158,4.204,4.381,20909.26,17602.01,22320.86,0.22
2013-04-16,4.06,4.14,4.13,4.04,13024.73,0.05,1.23,4.172,4.23,4.395,21730.22,18066.46,22674.52,0.3
2013-04-15,4.21,4.25,4.08,4.07,22347.67,-0.18,-4.22,4.194,4.261,4.413,21882.46,18091.86,22735.66,0.52
2013-04-12,4.3,4.43,4.26,4.25,44734.31,0.08,1.91,4.218,4.295,4.434,20190.6,18339.87,22547.96,1.04
2013-04-11,4.22,4.26,4.18,4.16,14862.44,-0.03,-0.71,4.226,4.333,4.443,13450.13,16711.16,21453.37,0.35
2013-04-10,4.25,4.26,4.21,4.18,13681.95,-0.03,-0.71,4.25,4.384,4.462,14294.77,18133.62,22777.7,0.32
2013-04-09,4.21,4.3,4.24,4.2,13785.94,0.04,0.95,4.288,4.437,4.484,14402.71,21323.58,23606.33,0.32
2013-04-08,4.25,4.28,4.2,4.15,13888.36,-0.1,-2.33,4.328,4.48,4.499,14301.27,24162.6,23796.5,0.32
2013-04-03,4.3,4.34,4.3,4.23,11031.96,0.0,0.0,4.372,4.513,4.517,16489.14,26261.54,25599.09,0.26
2013-04-02,4.4,4.46,4.3,4.27,19085.64,-0.1,-2.27,4.44,4.541,4.529,19972.19,27977.59,27085.87,0.44
2013-04-01,4.45,4.47,4.4,4.39,14221.64,-0.04,-0.9,4.518,4.557,4.534,21972.48,27039.7,26860.43,0.33
2013-03-29,4.45,4.49,4.44,4.41,13278.73,0.02,0.45,4.586,4.559,4.533,28244.45,27282.57,27185.29,0.31
2013-03-28,4.64,4.64,4.42,4.4,24827.72,-0.22,-4.74,4.632,4.564,4.535,34023.94,27379.45,27495.08,0.58
2013-03-27,4.7,4.71,4.64,4.6,28447.2,-0.05,-1.07,4.654,4.573,4.535,36033.94,26756.05,26975.35,0.66
2013-03-26,4.73,4.73,4.69,4.58,29087.09,-0.05,-1.05,4.642,4.552,4.52,35982.98,26195.58,26300.9,0.68
2013-03-25,4.69,4.74,4.74,4.63,45581.53,0.07,1.5,4.596,4.54,4.503,32106.92,27421.78,25568.17,1.06
2013-03-22,4.5,4.67,4.67,4.49,42176.14,0.14,3.09,4.532,4.53,4.486,26320.69,25889.08,24068.82,0.98
2013-03-21,4.66,4.68,4.53,4.51,34877.75,-0.05,-1.09,4.496,4.518,4.472,20734.96,23430.39,22537.84,0.81
2013-03-20,4.45,4.58,4.58,4.45,28192.41,0.12,2.69,4.492,4.521,4.466,17478.15,24936.65,21917.17,0.66
2013-03-19,4.4,4.48,4.46,4.4,9706.76,0.04,0.91,4.462,4.516,4.465,16408.17,26194.16,21468.33,0.23
2013-03-18,4.45,4.51,4.42,4.41,16650.39,-0.07,-1.56,4.484,4.511,4.468,22736.64,26681.17,21934.62,0.39
2013-03-15,4.51,4.54,4.49,4.44,14247.5,-0.02,-0.44,4.528,4.506,4.475,25457.47,27088.01,22345.37,0.33
2013-03-14,4.43,4.52,4.51,4.4,18593.68,0.08,1.81,4.54,4.505,4.476,26125.82,27610.71,22509.46,0.43
2013-03-13,4.58,4.58,4.43,4.42,22842.53,-0.14,-3.06,4.55,4.496,4.474,32395.14,27194.65,22491.55,0.53
2013-03-12,4.64,4.72,4.57,4.49,41349.08,-0.07,-1.51,4.57,4.487,4.476,35980.16,26406.22,22538.53,0.96
2013-03-11,4.56,4.65,4.64,4.53,30254.57,0.09,1.98,4.538,4.466,4.471,30625.71,23714.56,21548.51,0.7
2013-03-08,4.57,4.64,4.55,4.53,17589.26,-0.01,-0.22,4.484,4.441,4.461,28718.55,22248.56,21064.84,0.41
2013-03-07,4.53,4.68,4.56,4.49,49940.28,0.03,0.66,4.47,4.425,4.456,29095.6,21645.28,21269.28,1.16
2013-03-06,4.41,4.62,4.53,4.4,40767.59,0.12,2.72,4.442,4.411,4.449,21994.16,18897.7,19477.34,0.95
2013-03-05,4.36,4.43,4.41,4.35,14576.83,0.04,0.92,4.404,4.414,4.444,16832.29,16742.5,18057.99,0.34
2013-03-04,4.45,4.46,4.37,4.36,20718.8,-0.11,-2.46,4.394,4.425,4.446,16803.41,17188.06,18306.65,0.48
2013-03-01,4.42,4.48,4.48,4.39,19474.51,0.06,1.36,4.398,4.444,4.452,15778.57,17602.74,18121.1,0.45
2013-02-28,4.35,4.42,4.42,4.32,14433.05,0.08,1.84,4.38,4.446,4.45,14194.96,17408.22,18008.31,0.34
2013-02-27,4.37,4.4,4.34,4.33,14958.27,-0.02,-0.46,4.38,4.452,4.453,15801.24,17788.44,18333.34,0.35
2013-02-26,4.4,4.44,4.36,4.31,14432.43,-0.03,-0.68,4.424,4.464,4.464,16652.7,18670.85,18670.85,0.34
2013-02-25,4.4,4.44,4.39,4.36,15594.6,0.0,0.0,4.456,4.476,4.476,17572.71,19141.78,19141.78,0.36
2013-02-22,4.42,4.47,4.39,4.37,11556.43,-0.03,-0.68,4.49,4.486,4.486,19426.9,19585.18,19585.18,0.27
2013-02-21,4.55,4.55,4.42,4.39,22464.45,-0.14,-3.07,4.512,4.5,4.5,20621.48,20732.14,20732.14,0.52
2013-02-20,4.53,4.57,4.56,4.48,19215.59,0.04,0.89,4.524,4.513,4.513,19775.65,20443.43,20443.43,0.45
2013-02-19,4.55,4.55,4.52,4.48,19032.49,-0.04,-0.88,4.504,4.504,4.504,20688.99,20688.99,20688.99,0.44
2013-02-18,4.5,4.56,4.56,4.46,24865.55,0.06,1.33,4.5,4.5,4.5,21103.12,21103.12,21103.12,0.58
2013-02-08,4.49,4.52,4.5,4.46,17529.3,0.02,0.45,4.48,4.48,4.48,19848.97,19848.97,19848.97,0.41
2013-02-07,4.44,4.5,4.48,4.44,18235.33,0.02,0.45,4.47,4.47,4.47,21008.81,21008.81,21008.81,0.42
2013-02-06,4.45,4.47,4.46,4.41,23782.29,0.01,0.23,4.46,4.46,4.46,23782.29,23782.29,23782.29,0.55
