date,open,high,close,low,volume,price_change,p_change,ma5,ma10,ma20,v_ma5,v_ma10,v_ma20,turnover
2016-02-05,21.97,21.97,21.5,21.15,25188.45,-0.38,-1.74,21.138,20.739,20.967,29670.2,34510.88,53142.24,1.8
2016-02-04,21.49,22.1,21.88,21.22,32079.93,0.67,3.16,20.868,20.812,21.181,32068.14,36213.1,54297.46,2.3
2016-02-03,20.9,21.52,21.21,20.72,25143.05,0.06,0.28,20.33,20.823,21.293,31430.78,40199.1,53121.11,1.8
2016-02-02,19.96,21.79,21.15,19.96,33593.53,1.2,6.01,20.054,21.037,21.559,37504.32,47872.48,54348.44,2.41
2016-02-01,19.8,20.43,19.95,19.5,32346.02,-0.2,-0.99,19.856,21.155,21.759,39613.65,53934.34,56199.78,2.98
2016-01-29,19.1,20.56,20.15,19.0,37178.18,0.96,5.0,20.34,21.19,21.965,39351.56,58225.1,56413.35,3.43
2016-01-28,19.75,19.85,19.19,18.4,28893.1,-0.64,-3.23,20.756,21.02,22.265,40358.05,59655.1,56145.75,2.67
2016-01-27,20.3,20.66,19.83,18.15,55510.78,-0.33,-1.64,21.316,21.069,22.648,48967.43,65624.09,56696.3,5.12
2016-01-26,22.01,22.4,20.16,20.13,44140.19,-2.21,-9.88,22.02,21.039,23.015,58240.65,65053.03,56359.12,4.07
2016-01-25,22.98,23.2,22.37,21.74,31035.55,0.14,0.63,22.454,21.111,23.327,68255.03,69791.73,56346.94,2.86
2016-01-22,22.82,23.0,22.23,21.15,42210.65,0.24,1.09,22.04,21.194,23.538,77098.65,71773.61,57743.29,3.89
2016-01-21,23.12,23.5,21.99,21.81,71939.98,-1.36,-5.82,21.284,21.549,23.724,78952.14,72381.81,60153.98,6.64
2016-01-20,22.56,24.5,23.35,22.17,101876.86,1.02,4.57,20.822,21.762,23.945,82280.74,66043.12,60737.79,9.4
2016-01-19,20.42,22.33,22.33,20.2,94212.11,2.03,10.0,20.058,22.08,24.175,71865.41,60824.4,57713.83,8.69
2016-01-18,18.4,20.3,20.3,18.01,75253.63,1.85,10.03,19.768,22.363,24.479,71328.43,58465.23,55947.17,6.94
2016-01-15,19.66,20.43,18.45,18.18,51478.13,-1.23,-6.25,20.348,22.74,24.911,66448.57,54601.59,55974.36,4.75
2016-01-14,18.88,19.98,19.68,18.09,88582.99,0.15,0.77,21.814,23.509,25.476,65811.49,52636.4,56275.66,8.17
2016-01-13,20.8,21.55,19.53,19.5,49800.2,-1.35,-6.47,22.702,24.227,25.988,49805.49,47768.52,54567.97,4.59
2016-01-12,22.69,23.88,20.88,20.88,91527.18,-2.32,-10.0,24.102,24.99,26.486,49783.38,47665.21,54023.23,8.44
2016-01-11,25.0,26.0,23.2,23.2,50854.37,-2.58,-10.01,24.958,25.542,26.855,45602.03,42902.15,50968.99,4.69
2016-01-08,25.3,26.3,25.78,23.01,48292.69,1.66,6.88,25.132,25.881,27.113,42754.61,43712.96,50414.3,4.46
2016-01-07,26.01,26.27,24.12,23.88,8553.0,-2.41,-9.08,25.204,25.899,27.233,39461.32,47926.14,50589.37,0.79
2016-01-06,25.0,26.98,26.53,24.77,49689.66,1.37,5.45,25.752,26.127,27.455,45731.56,55432.46,53390.25,4.58
2016-01-05,22.0,25.56,25.16,21.9,70620.42,1.09,4.53,25.878,26.27,27.568,45547.03,54603.25,56382.99,6.52
2016-01-04,25.8,26.21,24.07,24.0,36617.26,-2.07,-7.92,26.126,26.594,27.828,40202.26,53429.11,60687.64,3.38
2015-12-31,26.86,27.08,26.14,26.12,31826.24,-0.72,-2.68,26.63,27.082,28.005,44671.32,57347.14,63551.27,2.94
2015-12-30,27.28,27.29,26.86,26.77,39904.2,-0.3,-1.1,26.594,27.442,28.048,56390.96,59914.91,67339.63,3.68
2015-12-29,26.3,27.3,27.16,26.18,48767.04,0.76,2.88,26.502,27.748,27.944,65133.37,61367.43,68217.28,4.5
2015-12-28,26.7,26.88,26.4,25.98,43896.57,-0.19,-0.71,26.662,27.981,27.902,63659.48,60381.26,70094.56,4.05
2015-12-25,25.95,27.0,26.59,25.76,58962.53,0.63,2.43,27.062,28.167,27.842,66655.95,59035.83,72524.85,5.44
2015-12-24,26.3,26.35,25.96,24.86,90424.45,-0.44,-1.67,27.534,28.345,27.749,70022.96,57115.63,74813.85,8.34
2015-12-23,28.2,28.25,26.4,25.9,83616.24,-1.56,-5.58,28.29,28.567,27.791,63438.87,53252.6,77473.39,7.71
2015-12-22,28.35,28.41,27.96,27.56,41397.59,-0.44,-1.55,28.994,28.782,27.781,57601.49,51348.04,76336.13,3.82
2015-12-21,28.01,28.57,28.4,27.7,58878.95,-0.55,-1.9,29.3,28.866,27.574,57103.05,58162.73,81000.92,5.43
2015-12-18,30.42,31.33,28.95,28.0,75797.58,-0.79,-2.66,29.272,29.062,27.309,51415.7,67946.17,81215.94,6.99
2015-12-17,30.11,30.5,29.74,29.5,57503.98,-0.18,-0.6,29.156,28.927,26.911,44208.31,69755.39,80215.5,5.31
2015-12-16,29.47,29.92,29.92,28.9,54429.33,0.43,1.46,28.844,28.653,26.471,43066.33,74764.34,80922.93,5.02
2015-12-15,28.5,29.6,29.49,28.5,38905.39,1.23,4.35,28.57,28.139,25.973,45094.59,75067.14,81561.4,3.59
2015-12-14,28.38,28.43,28.26,27.3,30442.24,-0.11,-0.39,28.432,27.822,25.563,59222.42,79807.86,88596.92,2.81
2015-12-11,28.0,28.57,28.37,27.5,39760.59,0.19,0.67,28.852,27.516,25.259,84476.63,86013.88,89720.31,3.67
2015-12-10,28.1,28.76,28.18,27.41,51794.09,-0.37,-1.3,28.698,27.152,24.848,95302.48,92512.06,90060.59,4.78
2015-12-09,28.4,29.75,28.55,28.31,64570.63,-0.25,-0.87,28.462,27.014,24.434,106462.36,101694.19,91007.81,5.96
2015-12-08,30.77,30.77,28.8,28.51,109544.53,-1.56,-5.14,27.708,26.779,24.005,105039.69,101324.21,90043.82,10.11
2015-12-07,27.78,30.36,30.36,27.37,156713.3,2.76,10.0,27.212,26.281,23.49,100393.29,103839.12,86285.57,14.46
2015-12-04,26.8,28.23,27.6,26.22,93889.86,0.6,2.22,26.18,25.555,22.892,87551.13,94485.71,81347.91,8.66
2015-12-03,24.8,27.26,27.0,24.76,107593.47,2.22,8.96,25.606,24.895,22.505,89721.64,90675.6,79214.69,9.93
2015-12-02,26.1,26.36,24.78,24.0,57457.3,-1.54,-5.85,25.566,24.289,22.138,96926.03,87081.52,76385.83,5.3
2015-12-01,25.0,27.11,26.32,24.11,86312.54,1.12,4.44,25.85,23.806,21.905,97608.74,88055.67,76777.16,7.96
2015-11-30,25.28,25.94,25.2,22.77,92502.49,0.47,1.9,25.35,23.304,21.659,107284.94,97385.98,78316.15,8.53
2015-11-27,26.25,27.47,24.73,24.2,104742.38,-2.07,-7.72,24.93,23.001,21.384,101420.28,93426.74,81288.48,9.66
2015-11-26,27.6,28.82,26.8,26.48,143615.42,0.6,2.29,24.184,22.543,21.163,91629.57,87609.12,83574.57,13.25
2015-11-25,23.89,26.2,26.2,23.41,60870.85,2.38,9.99,23.012,21.853,20.746,77237.02,80321.43,83472.84,5.62
2015-11-24,23.58,25.1,23.82,22.98,134693.55,0.72,3.12,21.762,21.231,20.275,78502.6,78763.43,86246.18,12.43
2015-11-23,20.8,23.1,23.1,20.8,63179.2,2.1,10.0,21.258,20.699,19.984,87487.03,68732.02,82998.08,6.55
2015-11-20,20.96,21.45,21.0,20.35,55788.82,0.06,0.29,21.072,20.228,19.646,85433.2,68210.12,82767.49,5.79
2015-11-19,19.78,21.2,20.94,19.7,71652.66,0.99,4.96,20.902,20.114,19.414,83588.67,67753.77,82818.1,7.43
2015-11-18,20.8,21.24,19.95,19.91,67198.75,-1.35,-6.34,20.694,19.986,19.179,83405.85,65690.13,80853.67,6.97
2015-11-17,23.0,24.38,21.3,20.9,179615.73,-0.87,-3.92,20.7,20.004,18.972,79024.26,65498.66,79360.07,18.63
2015-11-16,22.17,22.17,22.17,21.02,52910.04,2.02,10.03,20.14,20.014,18.721,49977.0,59246.32,72262.1,5.49
2015-11-06,19.92,20.47,20.15,19.81,46566.18,0.25,1.26,19.384,19.767,18.44,50987.03,69150.22,73202.41,4.83
2015-11-05,20.2,21.51,19.9,19.71,70738.54,-0.08,-0.4,19.326,19.783,18.231,51918.87,79540.03,73549.37,7.34
2015-11-04,18.8,19.98,19.98,18.52,45290.8,1.48,8.0,19.278,19.639,18.01,47974.42,86624.25,72858.18,4.7
2015-11-03,18.79,18.88,18.5,18.38,34379.44,0.11,0.6,19.308,19.319,17.762,51973.07,93728.92,70625.84,3.57
2015-11-02,19.3,19.6,18.39,18.39,57960.2,-1.47,-7.4,19.888,19.268,17.581,68515.65,97264.14,70481.16,6.01
2015-10-30,19.7,20.1,19.86,19.0,51225.39,0.2,1.02,20.15,19.064,17.401,87313.41,97324.86,69038.91,5.31
2015-10-29,20.22,20.52,19.66,19.51,51016.25,-0.47,-2.33,20.24,18.713,17.179,107161.18,97882.43,69187.2,5.29
2015-10-28,20.93,21.4,20.13,19.8,65284.05,-1.27,-5.93,20.0,18.372,16.942,125274.08,96017.21,71826.82,6.77
2015-10-27,19.8,21.55,21.4,18.95,117092.34,1.7,8.63,19.33,17.939,16.693,135484.78,93221.49,72658.85,12.15
2015-10-26,21.0,21.79,19.7,19.37,151949.02,-0.61,-3.0,18.648,17.427,16.312,126012.62,85277.88,68757.94,15.76
2015-10-23,19.8,20.31,20.31,19.08,150464.23,1.85,10.02,17.978,17.112,16.03,107336.3,77254.61,63414.94,15.61
2015-10-22,16.59,18.46,18.46,16.16,141580.75,1.68,10.01,17.186,16.679,15.713,88603.68,67558.72,57863.34,14.69
2015-10-21,18.25,18.89,16.78,16.6,116337.57,-1.21,-6.73,16.744,16.38,15.455,66760.34,59092.11,52698.11,12.07
2015-10-20,16.35,17.99,17.99,16.13,69731.55,1.64,10.03,16.548,16.205,15.281,50958.19,47522.75,50802.49,7.23
2015-10-19,16.4,16.79,16.35,16.05,58567.41,0.0,0.0,16.206,15.893,15.085,44543.13,43698.18,51005.98,6.08
2015-10-16,16.4,16.97,16.35,15.99,56801.12,0.1,0.61,16.246,15.737,14.907,47172.91,40752.96,51296.75,5.89
2015-10-15,15.8,16.43,16.25,15.51,32364.06,0.45,2.85,16.172,15.645,14.745,46513.75,40491.98,51304.31,3.36
2015-10-14,16.25,16.45,15.8,15.79,37326.8,-0.48,-2.95,16.016,15.512,14.657,51423.87,47636.43,51084.0,3.87
2015-10-13,16.35,16.48,16.28,16.01,37656.27,-0.27,-1.63,15.862,15.447,14.588,44087.31,52096.21,50958.4,3.91
2015-10-12,16.08,16.8,16.55,15.86,71716.31,0.57,3.57,15.58,15.196,14.502,42853.22,52237.99,51937.93,7.44
2015-10-09,15.6,16.1,15.98,15.35,53505.32,0.51,3.3,15.228,14.947,14.374,34333.0,49575.27,50003.97,5.55
2015-10-08,15.6,15.67,15.47,15.1,56914.65,0.6,4.04,15.118,14.746,14.223,34470.2,48167.96,49222.51,5.9
2015-10-07,14.97,15.04,15.03,14.97,644.0,0.16,1.08,15.008,14.53,14.082,43849.0,46304.11,48743.67,0.07
2015-09-30,14.99,15.28,14.87,14.75,31485.83,0.08,0.54,15.032,14.357,13.996,60105.1,54082.24,51591.34,3.27
2015-09-29,14.99,15.2,14.79,14.58,29115.22,-0.64,-4.15,14.812,14.277,13.98,61622.76,58313.78,53358.58,3.02
2015-09-28,14.99,15.73,15.43,14.29,54191.3,0.51,3.42,14.666,14.077,14.05,64817.54,61840.54,56203.55,5.62
2015-09-25,15.23,16.02,14.92,14.41,103808.64,-0.23,-1.52,14.374,13.844,14.053,61865.71,62116.63,57615.9,10.77
2015-09-24,13.77,15.15,15.15,13.7,81924.53,1.38,10.02,14.052,13.802,14.041,48759.21,54531.57,58387.77,8.5
2015-09-23,14.1,14.1,13.77,13.5,39074.13,-0.29,-2.06,13.682,13.728,13.959,48059.37,49820.59,59974.05,4.05
2015-09-22,13.92,14.3,14.06,13.73,45089.12,0.09,0.64,13.742,13.807,14.009,55004.79,51637.87,62932.16,4.68
2015-09-21,13.05,14.02,13.97,13.04,39432.15,0.66,4.96,13.488,13.801,14.127,58863.54,50432.67,64428.73,4.09
2015-09-18,13.19,13.5,13.31,12.91,38276.14,0.01,0.07,13.314,13.699,14.285,62367.56,50277.07,65909.33,3.97
2015-09-17,14.09,14.38,13.3,13.29,78425.29,-0.77,-5.47,13.552,13.634,14.535,60303.92,51183.24,69649.94,8.14
2015-09-16,12.95,14.07,14.07,12.7,73801.26,1.28,10.01,13.774,13.634,14.748,51581.81,49100.45,69983.6,7.66
2015-09-15,13.0,13.55,12.79,12.4,64382.88,-0.31,-2.37,13.872,13.683,15.021,48270.95,48403.38,70998.11,6.68
2015-09-14,14.22,14.49,13.1,13.05,56952.21,-1.4,-9.65,14.114,14.022,15.361,42001.8,50566.56,73469.02,5.91
2015-09-11,14.7,14.7,14.5,14.21,27957.95,0.09,0.62,14.084,14.261,15.648,38186.58,53115.16,73800.24,2.9
2015-09-10,14.37,14.9,14.41,14.35,34814.75,-0.15,-1.03,13.716,14.28,15.859,42062.57,62243.98,77383.03,3.61
2015-09-09,14.0,15.05,14.56,14.0,57246.96,0.56,4.0,13.494,14.189,16.108,46619.09,70127.52,83351.95,5.94
2015-09-08,12.95,14.02,14.0,12.92,33037.11,1.05,8.11,13.494,14.211,16.323,48535.81,74226.45,87107.13,3.43
2015-09-07,12.82,13.55,12.95,12.82,37876.14,0.29,2.29,13.93,14.453,16.509,59131.33,78424.78,92298.21,3.93
2015-09-02,13.0,13.83,12.66,12.55,47337.87,-0.64,-4.81,14.438,14.871,16.69,68043.73,81541.59,95775.24,4.91
2015-09-01,14.59,14.59,13.3,13.3,57597.37,-1.26,-8.65,14.844,15.435,16.906,82425.38,88116.65,101588.49,5.97
2015-08-31,15.88,15.88,14.56,14.56,66830.57,-1.62,-10.01,14.884,15.862,17.125,93635.94,90866.75,107613.03,6.93
2015-08-28,15.57,16.39,16.18,15.1,86014.71,0.69,4.45,14.928,16.358,17.201,99917.09,93592.84,111290.04,8.92
2015-08-27,14.72,15.6,15.49,14.33,82438.12,0.8,5.45,14.976,16.7,17.226,97718.24,96371.48,115088.43,8.55
2015-08-26,13.87,14.85,14.69,13.41,119246.15,1.19,8.81,15.304,17.035,17.367,95039.45,94485.32,121657.43,12.37
2015-08-25,14.19,15.4,13.5,13.31,113650.17,-1.28,-8.66,16.026,17.437,17.592,93807.91,92522.09,127790.28,11.79
2015-08-24,16.01,16.07,14.78,14.78,98236.3,-1.64,-9.99,16.84,18.026,17.88,88097.56,96576.39,132868.01,10.19
2015-08-21,16.85,17.13,16.42,15.95,75020.44,-0.71,-4.14,17.788,18.435,18.211,87268.59,99987.81,138996.35,7.78
2015-08-20,18.21,18.21,17.13,17.01,69044.19,-1.17,-6.39,18.424,18.565,18.579,95024.72,106171.63,154701.05,7.16
2015-08-19,16.98,18.5,18.3,16.3,113088.44,0.73,4.16,18.766,18.509,18.865,93931.2,110008.9,168136.11,11.73
2015-08-18,19.9,19.93,17.57,17.57,85098.41,-1.95,-9.99,18.848,18.377,19.109,91236.27,115060.33,169378.58,8.83
2015-08-17,19.25,19.75,19.52,18.5,94091.48,-0.08,-0.41,19.212,18.388,19.284,105055.22,124359.31,172816.45,9.76
2015-08-14,19.06,19.79,19.6,19.03,113801.09,0.76,4.03,19.082,18.043,19.266,112707.02,128987.24,176443.58,11.81
2015-08-13,18.72,18.98,18.84,18.11,63576.56,0.13,0.69,18.706,17.751,19.156,117318.55,133805.38,170919.01,6.6
2015-08-12,19.02,19.41,18.71,18.55,99613.82,-0.68,-3.51,18.252,17.698,19.006,126086.6,148829.53,167873.68,10.33
2015-08-11,19.0,19.78,19.39,18.6,154193.16,0.52,2.76,17.906,17.747,18.79,138884.39,163058.47,163026.39,16.0
2015-08-10,18.0,19.34,18.87,17.76,132350.47,1.15,6.49,17.564,17.734,18.474,143663.4,169159.64,156986.56,13.73
2015-08-07,17.22,17.93,17.72,16.82,136858.72,1.15,6.94,17.004,17.987,18.184,145267.46,178004.88,152261.23,14.2
2015-08-06,16.0,17.5,16.57,16.0,107416.81,-0.41,-2.42,16.796,18.593,17.945,150292.22,203230.47,146949.75,11.14
2015-08-05,18.0,18.26,16.98,16.96,163602.81,-0.7,-3.96,17.144,19.221,17.773,171572.46,226263.33,144427.84,16.97
2015-08-04,16.34,17.68,17.68,15.87,178088.2,1.61,10.02,17.588,19.841,17.581,187232.54,223696.83,140074.95,18.47
2015-08-03,16.35,17.1,16.07,15.65,140370.78,-0.61,-3.66,17.904,20.18,17.345,194655.87,221273.59,133980.62,14.56
2015-07-31,17.65,18.24,16.68,16.51,161982.5,-1.63,-8.9,18.97,20.488,17.181,210742.31,223899.91,128123.09,16.8
2015-07-30,19.0,20.31,18.31,18.31,213818.0,-0.89,-4.63,20.39,20.561,16.996,256168.72,208032.64,122829.04,22.18
2015-07-29,19.3,19.84,19.2,17.35,241903.2,-0.06,-0.31,21.298,20.313,16.725,280954.2,186917.82,115139.14,25.09
2015-07-28,19.26,20.79,19.26,19.26,215204.88,-2.14,-10.0,22.094,19.832,16.398,260161.12,162994.31,103972.42,22.32
2015-07-27,22.51,23.44,21.4,21.4,220802.95,-2.38,-10.01,22.456,19.214,16.065,247891.31,144813.49,93933.07,22.91
2015-07-24,22.19,25.14,23.78,22.01,389114.59,0.93,4.07,22.006,18.38,15.637,237057.52,126517.57,84081.51,40.36
2015-07-23,24.0,24.88,22.85,21.4,337745.38,-0.33,-1.42,20.732,17.296,15.093,159896.56,90669.02,66784.58,35.04
2015-07-22,22.89,23.18,23.18,22.19,137937.8,2.11,10.01,19.328,16.324,14.592,92881.45,62592.34,54863.55,14.31
2015-07-21,19.49,21.07,21.07,19.0,153855.81,1.92,10.03,17.57,15.321,14.091,65827.5,56453.08,49920.6,15.96
2015-07-20,19.15,19.15,19.15,18.2,166634.0,1.74,9.99,15.972,14.509,13.707,41735.68,46687.64,44216.19,17.29
2015-07-17,17.41,17.41,17.41,17.41,3309.82,1.58,9.98,14.754,13.874,13.434,15977.62,32346.26,39592.34,0.34
2015-07-16,15.83,15.83,15.83,15.83,2669.8,1.44,10.01,13.86,13.431,13.242,21441.48,37625.44,41733.02,0.28
2015-07-15,14.39,14.39,14.39,14.39,2668.09,1.31,10.02,13.32,13.137,13.122,32303.24,43360.45,43475.39,0.28
2014-11-28,13.1,13.39,13.08,12.91,33396.67,0.02,0.15,13.072,12.964,13.085,47078.66,44950.52,45467.59,3.09
2014-11-27,13.0,13.24,13.06,12.9,37843.73,0.12,0.93,13.046,12.916,13.114,51639.61,43052.65,45606.07,3.5
2014-11-26,13.13,13.15,12.94,12.9,30629.13,-0.19,-1.45,12.994,12.894,13.162,48714.9,41645.44,46205.12,2.83
2014-11-25,13.13,13.21,13.13,12.97,56978.57,-0.02,-0.15,13.002,12.89,13.229,53809.39,42900.14,50035.54,5.27
2014-11-24,13.02,13.22,13.15,12.78,76545.19,0.2,1.54,12.954,12.86,13.237,54417.66,47134.75,49693.1,7.08
2014-11-21,12.81,13.07,12.95,12.65,56201.44,0.15,1.17,12.856,12.861,13.233,42822.38,43388.12,48824.28,5.2
2014-11-20,12.99,13.01,12.8,12.6,23220.19,-0.18,-1.39,12.786,12.905,13.282,34465.69,41744.74,49525.45,2.15
2014-11-19,12.84,13.13,12.98,12.81,56101.54,0.09,0.7,12.794,12.993,13.338,34575.98,46838.41,55372.85,5.19
2014-11-18,12.6,13.02,12.89,12.52,60019.96,0.23,1.82,12.778,13.052,13.348,31990.88,45840.61,58325.19,5.55
2014-11-17,12.6,12.76,12.66,12.43,18568.76,0.06,0.48,12.766,13.107,13.348,39851.84,43590.33,59241.34,1.72
2014-11-14,12.7,12.8,12.6,12.52,14418.0,-0.24,-1.87,12.866,13.206,13.352,43953.86,45984.67,60478.38,1.33
2014-11-13,12.95,12.95,12.84,12.47,23771.64,-0.06,-0.47,13.024,13.312,13.357,49023.78,48159.49,62021.73,2.2
2014-11-12,12.64,13.17,12.9,12.64,43176.06,0.07,0.55,13.192,13.429,13.368,59100.85,50764.79,64321.7,4.0
2014-11-11,13.12,13.27,12.83,12.2,99324.73,-0.33,-2.51,13.326,13.567,13.381,59690.33,57170.94,64548.27,9.19
2014-11-10,13.4,13.47,13.16,13.09,39078.86,-0.23,-1.72,13.448,13.614,13.378,47328.82,52251.44,60752.14,3.62
2014-11-07,13.53,13.87,13.39,13.37,39767.63,-0.29,-2.12,13.546,13.605,13.359,48015.48,54260.44,59994.42,3.68
2014-11-06,13.5,13.93,13.68,13.07,74156.95,0.11,0.81,13.6,13.658,13.335,47295.2,57306.16,59863.61,6.86
2014-11-05,13.39,13.71,13.57,13.17,46123.5,0.13,0.97,13.666,13.683,13.289,42428.74,63907.29,58044.87,4.27
2014-11-04,13.6,13.89,13.44,13.4,37517.18,-0.21,-1.54,13.808,13.643,13.259,54651.54,70809.76,57758.22,3.47
2014-11-03,13.64,13.92,13.65,13.31,42512.14,-0.01,-0.07,13.78,13.589,13.24,57174.06,74892.36,57324.6,3.93
2014-10-31,14.0,14.12,13.66,13.61,36166.23,-0.35,-2.5,13.664,13.497,13.211,60505.4,74972.09,56917.25,3.35
2014-10-30,14.05,14.2,14.01,13.9,49824.64,-0.27,-1.89,13.716,13.402,13.169,67317.12,75883.96,56303.88,4.61
2014-10-29,13.3,14.58,14.28,13.2,107237.5,0.98,7.37,13.7,13.306,13.115,85385.85,77878.61,57585.47,9.92
2014-10-28,13.01,13.36,13.3,13.0,50129.79,0.23,1.76,13.478,13.195,13.041,86967.99,71925.61,54436.92,4.64
2014-10-27,13.7,13.74,13.07,13.02,59168.84,-0.85,-6.11,13.398,13.141,12.997,92610.65,69252.84,54499.44,5.48
2014-10-24,13.71,14.07,13.92,13.56,70224.83,-0.01,-0.07,13.33,13.112,12.966,89438.79,65728.41,52978.24,6.5
2014-10-23,13.15,14.28,13.93,12.93,140168.28,0.76,5.77,13.088,13.012,12.894,84450.81,62421.06,50236.11,12.97
2014-10-22,12.83,13.3,13.17,12.68,115148.19,0.27,2.09,12.912,12.895,12.825,70371.37,52182.44,45492.74,10.66
2014-10-21,12.7,13.2,12.9,12.36,78343.11,0.17,1.33,12.912,12.874,12.771,56883.22,44706.67,40831.01,7.25
2014-10-20,13.0,13.0,12.73,12.7,43309.52,0.02,0.16,12.884,12.891,12.725,45895.02,39756.85,39127.4,4.01
2014-10-17,12.8,13.04,12.71,12.21,45284.94,-0.34,-2.6,12.894,12.924,12.726,42018.03,38862.41,38044.27,4.19
2014-10-16,13.22,13.22,13.05,12.87,69771.08,-0.12,-0.91,12.936,12.936,12.73,40391.3,36723.79,37173.32,6.46
2014-10-15,12.78,13.2,13.17,12.6,47707.47,0.41,3.21,12.878,12.923,12.71,33993.51,37292.33,35274.99,4.42
2014-10-14,12.77,12.97,12.76,12.63,23402.11,-0.02,-0.16,12.836,12.886,12.693,32530.12,36948.23,35340.45,2.17
2014-10-13,12.78,12.9,12.78,12.48,23924.54,-0.14,-1.08,12.898,12.852,12.698,33618.68,39746.05,37265.07,2.21
2014-10-10,12.75,13.06,12.92,12.59,37151.31,0.16,1.25,12.954,12.82,12.67,35706.8,40228.07,37527.99,3.44
2014-10-09,12.86,12.97,12.76,12.65,37782.13,-0.2,-1.54,12.936,12.776,12.63,33056.27,38051.17,37461.88,3.5
2014-10-08,13.2,13.2,12.96,12.8,40390.52,-0.11,-0.84,12.968,12.754,12.598,40591.15,38803.03,37304.47,3.74
2014-09-30,13.06,13.24,13.07,12.82,28844.92,0.01,0.08,12.936,12.668,12.566,41366.34,36955.35,36521.91,2.67
2014-09-29,12.77,13.14,13.06,12.77,34365.1,0.23,1.79,12.806,12.559,12.527,45873.42,38497.94,36174.14,3.18
2014-09-26,12.75,12.96,12.83,12.7,23898.68,-0.09,-0.7,12.686,12.528,12.483,44749.35,37226.12,35332.54,2.21
2014-09-25,12.89,13.4,12.92,12.7,75456.52,0.12,0.94,12.616,12.523,12.449,43046.07,37622.85,35457.43,6.98
2014-09-24,12.33,12.85,12.8,12.2,44266.48,0.38,3.06,12.54,12.497,12.428,37014.92,33257.64,34268.01,4.1
2014-09-23,12.4,13.0,12.42,12.03,51380.3,-0.04,-0.32,12.4,12.5,12.371,32544.37,33732.67,33082.4,4.76
2014-09-22,12.39,12.76,12.46,12.38,28744.75,-0.02,-0.16,12.312,12.544,12.337,31122.47,34784.09,31571.36,2.66
2014-09-19,12.54,12.65,12.48,12.34,15382.31,-0.06,-0.48,12.37,12.52,12.312,29702.89,34827.9,31421.99,1.42
2014-09-18,12.01,12.85,12.54,11.85,45300.76,0.44,3.64,12.43,12.484,12.298,32199.63,36872.6,32903.94,4.19
2014-09-17,11.94,12.29,12.1,11.86,21913.73,0.12,1.0,12.454,12.441,12.266,29500.37,35805.91,33500.16,2.03
2014-09-16,12.75,12.75,11.98,11.78,44270.78,-0.77,-6.04,12.6,12.464,12.273,34920.96,36088.47,34166.52,4.1
2014-09-15,12.78,12.92,12.75,12.58,21646.87,-0.03,-0.23,12.776,12.495,12.294,38445.72,33850.34,34574.12,2.0
2014-09-12,12.65,12.93,12.78,12.57,27865.99,0.12,0.95,12.67,12.438,12.272,39952.92,33438.96,36990.47,2.58
2014-09-11,12.69,12.91,12.66,12.61,31804.46,-0.17,-1.32,12.538,12.374,12.221,41545.57,33292.0,38335.29,2.94
2014-09-10,12.71,13.3,12.83,12.52,49016.71,-0.03,-0.23,12.428,12.358,12.192,42111.45,35278.39,41525.8,4.54
2014-09-09,12.18,12.98,12.86,12.14,61894.59,0.64,5.24,12.328,12.241,12.114,37255.97,32432.14,40838.93,5.73
2014-09-05,12.12,12.24,12.22,11.91,29182.83,0.1,0.82,12.214,12.129,12.043,29254.95,28358.63,40450.42,2.7
2014-09-04,12.08,12.15,12.12,11.89,35829.26,0.01,0.08,12.206,12.104,12.005,26925.0,28016.08,42534.88,3.32
2014-09-03,12.39,12.39,12.11,12.0,34633.87,-0.22,-1.78,12.21,12.111,11.962,25038.44,28935.29,46625.7,3.21
2014-09-02,12.28,12.46,12.33,12.22,24739.3,0.04,0.33,12.288,12.09,11.905,28445.32,31194.42,47701.46,2.29
2014-09-01,12.22,12.36,12.29,12.05,21889.47,0.11,0.9,12.154,12.082,11.829,27608.31,32244.57,48881.22,2.03
2014-08-29,12.05,12.3,12.18,11.98,17533.1,0.04,0.33,12.044,12.093,11.758,27462.32,35297.9,52993.69,1.62
2014-08-28,12.35,12.38,12.14,12.02,26396.46,-0.36,-2.88,12.002,12.105,11.662,29107.15,40541.98,55005.88,2.44
2014-08-27,11.66,12.57,12.5,11.61,51668.26,0.84,7.2,12.012,12.068,11.56,32832.14,43378.57,54966.64,4.78
2014-08-26,11.7,11.9,11.66,11.55,20554.27,-0.08,-0.68,11.892,12.025,11.441,33943.52,47773.22,54348.82,1.9
2014-08-25,11.98,11.98,11.74,11.63,21159.51,-0.23,-1.92,12.01,11.987,11.359,36880.83,49245.72,55996.95,1.96
2014-08-22,12.13,12.13,11.97,11.88,25757.26,-0.22,-1.8,12.142,11.957,11.256,43133.48,52542.21,55958.05,2.38
2014-08-21,11.72,12.2,12.19,11.6,45021.4,0.29,2.44,12.208,11.905,11.138,51976.8,57053.69,55396.4,4.17
2014-08-20,12.19,12.25,11.9,11.8,57225.14,-0.35,-2.86,12.124,11.812,11.003,53925.0,64316.11,54063.01,5.3
2014-08-19,12.38,12.55,12.25,12.12,35240.84,-0.15,-1.21,12.158,11.72,10.886,61602.92,64208.5,52259.87,3.26
2014-08-18,12.23,12.58,12.4,12.13,52422.77,0.1,0.81,11.964,11.575,10.759,61610.6,65517.87,51365.11,4.85
2014-08-15,11.65,12.68,12.3,11.65,69973.86,0.53,4.5,11.772,11.422,10.619,61950.94,70689.47,49691.75,6.48
2014-08-14,11.96,12.2,11.77,11.72,54762.4,-0.3,-2.49,11.602,11.219,10.491,62130.57,69469.79,47464.16,5.07
2014-08-13,11.44,12.17,12.07,11.27,95614.75,0.79,7.0,11.5,11.052,10.398,74707.21,66554.72,45874.84,8.85
2014-08-12,11.43,11.43,11.28,11.19,35279.22,-0.16,-1.4,11.282,10.857,10.287,66814.09,60924.43,42512.03,3.27
2014-08-11,11.34,11.49,11.44,11.17,54124.46,-0.01,-0.09,11.186,10.731,10.224,69425.14,62748.18,42438.89,5.01
2014-08-08,11.49,11.67,11.45,11.16,70872.04,0.19,1.69,11.072,10.555,10.163,79428.01,59373.89,42362.66,6.56
2014-08-07,11.03,11.88,11.26,10.87,117645.59,0.28,2.55,10.836,10.37,10.107,76809.01,53739.11,41249.24,10.89
2014-08-06,10.81,11.16,10.98,10.7,56149.12,0.18,1.67,10.604,10.194,10.052,58402.22,43809.92,36844.33,5.2
2014-08-05,10.89,11.0,10.8,10.67,48334.51,-0.07,-0.64,10.432,10.052,9.998,55034.76,40311.23,35859.43,4.47
2014-08-04,10.17,11.2,10.87,10.17,104138.77,0.6,5.84,10.276,9.943,9.96,56071.21,37212.35,35799.21,9.64
2014-08-01,10.1,10.6,10.27,10.04,57777.06,0.17,1.68,10.038,9.815,9.903,39319.77,28694.03,32163.63,5.35
2014-07-31,10.12,10.16,10.1,9.96,25611.66,-0.02,-0.2,9.904,9.762,9.874,30669.2,25458.53,30755.76,2.37
2014-07-30,10.03,10.29,10.12,9.91,39311.82,0.1,1.0,9.784,9.744,9.866,29217.62,25194.96,32111.82,3.64
2014-07-29,9.64,10.16,10.02,9.64,53516.76,0.34,3.51,9.672,9.716,9.844,25587.7,24099.63,32299.57,4.95
2014-07-28,9.61,9.79,9.68,9.55,20381.54,0.08,0.83,9.61,9.716,9.812,18353.5,22129.61,30572.69,1.89
2014-07-25,9.44,9.66,9.6,9.44,14524.24,0.1,1.05,9.592,9.771,9.8,18068.29,25351.44,30848.54,1.34
2014-07-24,9.57,9.64,9.5,9.35,18353.74,-0.06,-0.63,9.62,9.844,9.794,20247.85,28759.38,30837.41,1.7
2014-07-23,9.72,9.87,9.56,9.49,21162.2,-0.15,-1.54,9.704,9.909,9.793,21172.29,29878.74,31277.29,1.96
2014-07-22,9.59,9.86,9.71,9.51,17345.76,0.12,1.25,9.76,9.943,9.773,22611.56,31407.64,30674.74,1.61
2014-07-21,9.7,9.73,9.59,9.44,18955.49,-0.15,-1.54,9.822,9.977,9.746,25905.72,34386.06,30671.35,1.75
2014-07-18,9.9,9.9,9.74,9.68,25422.04,-0.18,-1.81,9.95,9.99,9.722,32634.58,35633.23,30532.87,2.35
2014-07-17,9.85,10.02,9.92,9.72,22975.97,0.08,0.81,10.068,9.985,9.689,37270.91,36052.99,30189.73,2.13
2014-07-16,10.03,10.12,9.84,9.67,28358.53,-0.18,-1.8,10.114,9.988,9.639,38585.19,39028.69,30374.31,2.62
2014-07-15,10.21,10.22,10.02,10.0,33816.57,-0.21,-2.05,10.126,9.971,9.611,40203.72,40499.51,30274.63,3.13
2014-07-14,10.33,10.5,10.23,9.97,52599.81,-0.1,-0.97,10.132,9.907,9.589,42866.4,39015.78,29808.12,4.87
2014-07-11,10.1,10.5,10.33,10.05,48603.67,0.18,1.77,10.03,9.829,9.567,38631.87,36345.65,29156.15,4.5
2014-07-10,9.91,10.21,10.15,9.76,29547.36,0.25,2.52,9.902,9.743,9.536,34835.07,32915.45,28285.98,2.73
2014-07-09,10.0,10.14,9.9,9.9,36451.19,-0.15,-1.49,9.862,9.676,9.514,39472.2,32675.85,28330.64,3.37
2014-07-08,9.6,10.19,10.05,9.51,47129.98,0.33,3.4,9.816,9.603,9.502,40795.3,29941.83,28718.57,4.36
2014-07-07,9.69,9.85,9.72,9.5,31427.16,0.03,0.31,9.682,9.515,9.489,35165.15,26956.64,28976.15,2.91
2014-07-04,9.85,9.95,9.69,9.69,29619.64,-0.26,-2.61,9.628,9.453,9.493,34059.42,25432.51,30118.48,2.74
2014-07-03,9.6,10.06,9.95,9.57,52733.02,0.28,2.9,9.584,9.393,9.504,30995.83,24326.47,32936.77,4.88
2014-07-02,9.36,9.76,9.67,9.26,43066.7,0.29,3.09,9.49,9.289,9.466,25879.5,21719.94,31120.99,3.99
2014-07-01,9.42,9.42,9.38,9.3,18979.23,-0.07,-0.74,9.39,9.251,9.438,19088.36,20049.75,30084.3,1.76
2014-06-30,9.48,9.48,9.45,9.31,25898.52,-0.02,-0.21,9.348,9.271,9.422,18748.12,20600.46,29979.93,2.4
2014-06-27,9.48,9.5,9.47,9.36,14301.69,-0.01,-0.1,9.278,9.304,9.404,16805.59,21966.65,29763.49,1.34
2014-06-26,9.21,9.56,9.48,9.21,27151.35,0.31,3.38,9.202,9.329,9.383,17657.11,23656.51,30381.22,2.54
2014-06-25,9.1,9.21,9.17,9.08,9111.03,0.0,0.0,9.088,9.351,9.375,17560.37,23985.44,30698.67,0.85
2014-06-24,9.11,9.33,9.17,9.1,17278.02,0.07,0.77,9.112,9.4,9.385,21011.13,27495.3,32397.52,1.61
2014-06-23,9.05,9.23,9.1,9.03,16185.87,0.01,0.11,9.194,9.463,9.382,22452.8,30995.67,33512.11,1.51
2014-06-20,8.9,9.15,9.09,8.9,18559.3,0.18,2.02,9.33,9.533,9.391,27127.7,34804.46,34835.37,1.73
2014-06-19,9.28,9.33,8.91,8.91,26667.64,-0.38,-4.09,9.456,9.614,9.397,29655.91,41547.06,35433.53,2.49
2014-06-18,9.52,9.69,9.29,9.21,26364.84,-0.29,-3.03,9.614,9.643,9.413,30410.5,40522.05,36393.16,2.46
2014-06-17,9.73,9.85,9.58,9.57,24486.35,-0.2,-2.04,9.688,9.625,9.408,33979.47,40118.85,37627.39,2.29
2014-06-16,9.73,9.99,9.78,9.63,39560.39,0.06,0.62,9.732,9.573,9.368,39538.53,39359.39,37827.15,3.69
2014-06-13,9.68,9.79,9.72,9.56,31200.32,0.02,0.21,9.736,9.503,9.331,42481.22,37560.33,38099.46,2.91
2014-06-12,9.65,9.7,9.7,9.52,30440.59,0.04,0.41,9.772,9.437,9.277,53438.21,37105.92,38344.01,2.84
2014-06-11,9.8,9.84,9.66,9.5,44209.72,-0.14,-1.43,9.672,9.398,9.244,50633.61,37411.91,38902.65,4.13
2014-06-10,9.78,9.93,9.8,9.58,52281.64,0.0,0.0,9.562,9.37,9.221,46258.22,37299.74,39284.56,4.88
2014-06-09,9.78,10.0,9.8,9.71,54273.83,-0.1,-1.01,9.414,9.3,9.178,39180.25,36028.56,38740.94,5.07
2014-06-06,9.17,10.08,9.9,9.06,85985.28,0.7,7.61,9.27,9.249,9.121,32639.44,34866.28,36911.65,8.03
2014-06-05,9.1,9.23,9.2,9.01,16417.57,0.09,0.99,9.102,9.179,9.066,20773.64,29320.01,33666.83,1.53
2014-06-04,9.03,9.25,9.11,8.98,22332.79,0.05,0.55,9.124,9.183,9.047,24190.22,32264.26,34993.25,2.09
2014-06-03,9.07,9.12,9.06,8.98,16891.76,-0.02,-0.22,9.178,9.19,9.022,28341.26,35135.92,35241.11,1.58
2014-05-30,9.06,9.15,9.08,8.93,21569.78,0.02,0.22,9.186,9.163,9.007,32876.87,36294.91,36956.08,2.01
2014-05-29,9.32,9.32,9.06,9.03,26656.28,-0.25,-2.69,9.228,9.159,8.968,37093.11,38638.59,36487.11,2.49
2014-05-28,9.34,9.5,9.31,9.21,33500.48,-0.07,-0.75,9.256,9.116,8.925,37866.38,39582.1,35752.85,3.13
2014-05-27,9.11,9.38,9.38,9.0,43088.02,0.28,3.08,9.242,9.09,8.851,40338.31,40393.39,34475.84,4.02
2014-05-26,9.28,9.29,9.1,9.0,39569.77,-0.19,-2.04,9.202,9.072,8.78,41930.58,41269.37,32790.12,3.7
2014-05-23,9.21,9.5,9.29,9.13,42651.02,0.09,0.98,9.14,9.055,8.728,39712.96,41453.32,31340.48,3.98
2014-05-22,9.23,9.3,9.2,9.1,30522.59,-0.04,-0.43,9.09,8.992,8.676,40184.07,38957.02,30319.89,2.85
2014-05-21,9.12,9.35,9.24,8.96,45860.14,0.06,0.65,8.976,8.952,8.641,41297.82,38013.65,29801.65,4.28
2014-05-20,8.83,9.3,9.18,8.78,51049.4,0.39,4.44,8.938,8.91,8.599,40448.48,37722.23,28180.97,4.77
2014-05-19,8.91,8.99,8.79,8.66,28481.66,-0.25,-2.77,8.942,8.854,8.563,40608.15,35346.29,26142.94,2.66
2014-05-16,8.67,9.09,9.04,8.56,45006.54,0.41,4.75,8.97,8.851,8.552,43193.67,37617.24,26628.8,4.2
2014-05-15,9.05,9.05,8.63,8.56,36091.35,-0.42,-4.64,8.894,8.777,8.53,37729.97,34335.63,26992.72,3.37
2014-05-14,9.18,9.35,9.05,9.0,41613.44,-0.15,-1.63,8.928,8.733,8.509,34729.48,31923.61,25662.78,3.89
2014-05-13,8.9,9.25,9.2,8.81,51847.76,0.27,3.02,8.882,8.611,8.471,34995.98,28558.28,24051.74,4.84
2014-05-12,8.71,9.09,8.93,8.58,41409.26,0.27,3.12,8.766,8.488,8.426,30084.43,24310.87,22325.26,3.87
2014-05-09,8.8,8.99,8.66,8.66,17688.04,-0.14,-1.59,8.732,8.401,8.389,32040.8,21227.64,21134.66,1.65
2014-05-08,8.72,8.86,8.8,8.63,21088.91,-0.02,-0.23,8.66,8.359,8.366,30941.29,21682.77,21198.46,1.97
2014-05-07,8.6,9.0,8.82,8.54,42945.95,0.2,2.32,8.538,8.33,8.33,29117.74,21589.65,20746.21,4.01
2014-05-06,8.7,8.76,8.62,8.57,27289.99,-0.14,-1.6,8.34,8.287,8.287,22120.58,18639.71,19068.5,2.55
2014-05-05,8.31,8.85,8.76,8.3,51191.13,0.46,5.54,8.21,8.272,8.251,18537.3,16939.6,18234.26,4.78
2014-04-30,8.12,8.35,8.3,8.12,12190.45,0.11,1.34,8.07,8.252,8.206,10414.47,15640.36,16280.56,1.14
2014-04-29,7.81,8.25,8.19,7.81,11971.2,0.36,4.6,8.058,8.283,8.186,12424.25,19649.81,16021.98,1.12
2014-04-28,7.83,7.98,7.83,7.76,7960.14,-0.14,-1.76,8.122,8.285,8.167,14061.56,19401.94,15802.84,0.74
2014-04-25,8.0,8.13,7.97,7.97,9373.6,-0.09,-1.12,8.234,8.331,8.166,15158.83,19545.2,16402.64,0.88
2014-04-24,8.24,8.26,8.06,8.05,10576.96,-0.18,-2.18,8.334,8.364,8.175,15341.89,20339.66,16817.25,0.99
2014-04-23,8.49,8.52,8.24,7.8,22239.37,-0.27,-3.17,8.434,8.377,8.185,20866.25,21041.67,17219.76,2.08
2014-04-22,8.38,8.58,8.51,8.32,20157.74,0.12,1.43,8.508,8.372,8.181,26875.36,20714.15,16851.29,1.88
2014-04-21,8.43,8.56,8.39,8.35,13446.49,-0.08,-0.94,8.448,8.33,8.165,24742.32,19902.77,16699.95,1.26
2014-04-18,8.54,8.55,8.47,8.41,10288.91,-0.09,-1.05,8.428,8.286,8.156,23931.56,19497.3,17190.08,0.96
2014-04-17,8.57,8.69,8.56,8.5,38198.73,-0.05,-0.58,8.394,8.229,8.135,25337.43,19528.91,17675.69,3.57
2014-04-16,8.19,8.67,8.61,8.15,52284.93,0.4,4.87,8.32,8.159,8.11,21217.1,16920.77,16275.06,4.88
2014-04-15,8.29,8.29,8.21,8.14,9492.56,-0.08,-0.96,8.236,8.088,8.082,14552.95,12394.15,14244.52,0.89
2014-04-14,8.3,8.39,8.29,8.23,9392.68,-0.01,-0.12,8.212,8.049,8.074,15063.22,12203.74,14381.62,0.88
2014-04-11,8.19,8.35,8.3,8.15,17318.25,0.11,1.34,8.144,8.001,8.059,15063.04,13260.08,14571.94,1.62
2014-04-10,8.19,8.26,8.19,8.12,17597.08,0.0,0.0,8.064,7.985,8.038,13720.4,13294.83,14124.63,1.64
2014-04-09,8.1,8.27,8.19,8.05,18964.16,0.1,1.24,7.998,7.993,8.02,12624.44,13397.84,13802.56,1.77
2014-04-08,7.92,8.15,8.09,7.9,12043.94,0.14,1.76,7.94,7.99,7.996,10235.35,12988.43,13384.67,1.12
2014-04-04,7.89,7.96,7.95,7.84,9391.77,0.05,0.63,7.886,8.0,7.982,9344.26,13497.13,13374.98,0.88
2014-04-03,7.86,7.93,7.9,7.82,10605.04,0.04,0.51,7.858,8.026,7.986,11457.12,14882.85,13395.83,0.99
2014-04-02,7.89,7.96,7.86,7.82,12117.28,-0.04,-0.51,7.906,8.041,7.995,12869.26,15822.46,13454.43,1.13
2014-04-01,7.76,7.95,7.9,7.76,7018.74,0.08,1.02,7.988,8.061,8.01,14171.24,15629.36,13776.07,0.66
2014-03-31,7.76,7.93,7.82,7.76,7588.49,0.01,0.13,8.04,8.076,8.017,15741.5,16094.89,14153.39,0.71
2014-03-28,8.16,8.16,7.81,7.79,19956.03,-0.33,-4.05,8.114,8.099,8.028,17650.0,16559.5,14741.02,1.86
2014-03-27,8.26,8.34,8.14,8.14,17665.75,-0.13,-1.57,8.194,8.116,8.03,18308.59,15883.81,14477.43,1.65
2014-03-26,8.15,8.33,8.27,8.11,18627.18,0.11,1.35,8.176,8.09,8.008,18775.65,14954.43,14415.88,1.74
2014-03-25,8.19,8.24,8.16,8.11,14870.03,-0.03,-0.37,8.134,8.046,7.993,17087.48,14207.28,14291.65,1.39
2014-03-24,8.15,8.24,8.19,8.07,17131.03,-0.02,-0.24,8.112,8.001,7.982,16448.27,13780.91,15300.21,1.6
2014-03-21,8.08,8.29,8.21,8.06,23248.96,0.16,1.99,8.084,7.963,7.979,15468.99,13252.82,15960.52,2.17
2014-03-20,8.05,8.18,8.05,7.99,20001.07,-0.01,-0.12,8.038,7.945,7.979,13459.02,11908.81,18406.9,1.87
2014-03-19,8.01,8.07,8.06,7.92,10186.3,0.01,0.12,8.004,7.949,8.017,11133.21,11086.4,18760.83,0.95
2014-03-18,8.04,8.1,8.05,8.0,11674.01,0.0,0.0,7.958,7.958,8.052,11327.09,11922.79,20348.34,1.09
2014-03-17,7.93,8.09,8.05,7.89,12234.61,0.07,0.88,7.89,7.958,8.105,11113.54,12211.89,22696.87,1.14
2014-03-14,7.86,8.0,7.98,7.71,13199.13,0.1,1.27,7.842,7.957,8.156,11036.65,12922.54,27814.31,1.23
2014-03-13,7.83,7.88,7.88,7.76,8372.02,0.05,0.64,7.852,7.943,8.186,10358.6,13071.05,30811.74,0.78
2014-03-12,7.73,7.83,7.83,7.65,11155.68,0.12,1.56,7.894,7.926,8.219,11039.58,13877.33,31423.13,1.04
2014-03-11,7.8,7.84,7.71,7.65,10606.25,-0.1,-1.28,7.958,7.939,8.246,12518.49,14376.01,31413.26,0.99
2014-03-10,7.98,7.98,7.81,7.79,11850.16,-0.22,-2.74,8.026,7.962,8.28,13310.25,16819.51,31455.54,1.11
2014-03-07,8.05,8.13,8.03,8.0,9808.87,-0.06,-0.74,8.072,7.994,8.309,14808.44,18668.21,31381.04,0.92
2014-03-06,8.2,8.25,8.09,7.97,11776.95,-0.06,-0.74,8.034,8.012,8.331,15783.51,24904.99,32056.54,1.1
2014-03-05,8.06,8.24,8.15,7.97,18550.2,0.1,1.24,7.958,8.085,8.352,16715.07,26435.26,33126.5,1.73
2014-03-04,8.0,8.08,8.05,7.94,14565.06,0.01,0.12,7.92,8.145,8.358,16233.54,28773.88,33178.37,1.36
2014-03-03,7.87,8.16,8.04,7.81,19341.11,0.2,2.55,7.898,8.251,8.369,20328.76,33181.85,33412.21,1.81
2014-02-28,7.7,7.89,7.84,7.58,14684.24,0.13,1.69,7.916,8.355,8.374,22527.99,42706.09,33315.84,1.37
2014-02-27,8.02,8.07,7.71,7.7,16434.76,-0.25,-3.14,7.99,8.428,8.387,34026.47,48552.42,32988.72,1.53
2014-02-26,7.85,7.99,7.96,7.76,16142.52,0.02,0.25,8.212,8.512,8.405,36155.45,48968.94,32545.13,1.51
2014-02-25,8.14,8.33,7.94,7.9,35041.19,-0.19,-2.34,8.37,8.552,8.422,41314.23,48450.5,32452.88,3.27
2014-02-24,8.05,8.2,8.13,8.01,30337.23,-0.08,-0.97,8.604,8.597,8.435,46034.93,46091.57,31349.67,2.83
2014-02-21,8.51,8.51,8.21,8.08,72176.64,-0.61,-6.92,8.794,8.623,8.432,62884.18,44093.86,30279.75,6.74
2014-02-14,8.72,8.92,8.82,8.72,27079.69,0.07,0.8,8.866,8.65,8.419,63078.38,39208.09,27786.17,2.53
2014-02-13,9.05,9.05,8.75,8.71,41936.4,-0.36,-3.95,8.812,8.618,8.393,61782.42,39817.73,28966.33,3.92
2014-02-12,8.97,9.14,9.11,8.83,58644.7,0.03,0.33,8.734,8.57,8.379,55586.77,37582.86,29014.57,5.48
2014-02-11,8.52,9.36,9.08,8.5,114583.49,0.51,5.95,8.59,8.486,8.326,46148.21,33642.58,26700.97,10.7
2014-02-10,8.54,8.65,8.57,8.47,73147.62,0.02,0.23,8.452,8.392,8.267,25303.53,23925.6,21597.82,6.83
2014-02-07,8.29,8.57,8.55,8.26,20599.91,0.19,2.27,8.434,8.345,8.233,15337.8,17425.02,18776.19,1.92
2014-01-30,8.42,8.42,8.36,8.28,10958.11,-0.03,-0.36,8.424,8.298,8.222,17853.04,16121.31,18811.8,1.02
2014-01-29,8.41,8.42,8.39,8.28,11451.91,0.0,0.0,8.406,8.291,8.227,19578.95,16455.25,19351.91,1.07
2014-01-28,8.41,8.48,8.39,8.32,10360.12,-0.09,-1.06,8.382,8.272,8.225,21136.95,16607.78,20246.2,0.97
2014-01-27,8.42,8.65,8.48,8.39,23318.94,-0.02,-0.23,8.332,8.24,8.223,22547.66,16465.64,20538.47,2.18
2014-01-24,8.25,8.52,8.5,8.18,33176.12,0.23,2.78,8.256,8.187,8.216,19512.24,16364.25,20315.65,3.1
2014-01-23,8.28,8.34,8.27,8.09,19587.68,0.0,0.0,8.172,8.167,8.203,14389.59,18114.93,19538.37,1.83
2014-01-22,8.09,8.32,8.27,8.07,19241.89,0.13,1.6,8.176,8.188,8.21,13331.55,20446.27,19472.32,1.8
2014-01-21,7.91,8.25,8.14,7.91,17413.66,0.04,0.49,8.162,8.165,8.215,12078.6,19759.36,19779.64,1.63
2014-01-20,8.17,8.19,8.1,8.02,8141.83,0.02,0.25,8.148,8.141,8.223,10383.63,19270.04,21752.42,0.76
2014-01-17,8.27,8.27,8.08,8.0,7562.88,-0.21,-2.53,8.118,8.121,8.214,13216.27,20127.36,21767.38,0.71
2014-01-16,8.12,8.35,8.29,8.12,14297.51,0.09,1.1,8.162,8.146,8.204,21840.28,21502.29,21795.73,1.34
2014-01-15,8.0,8.23,8.2,7.95,12977.12,0.13,1.61,8.2,8.162,8.182,27560.99,22248.56,21342.85,1.21
2014-01-14,7.86,8.08,8.07,7.86,8938.79,0.12,1.51,8.168,8.178,8.162,27440.11,23884.63,21008.18,0.83
2014-01-13,8.32,8.38,7.95,7.86,22305.06,-0.35,-4.22,8.134,8.206,8.149,28156.46,24611.31,20962.74,2.08
2014-01-10,8.41,8.65,8.3,8.28,50682.93,-0.18,-2.12,8.124,8.244,8.154,27038.45,24267.04,20317.89,4.73
2014-01-09,8.04,8.52,8.48,7.9,42901.04,0.44,5.47,8.13,8.239,8.139,21164.3,20961.81,18232.62,4.01
2014-01-08,7.97,8.06,8.04,7.8,12372.74,0.14,1.77,8.124,8.231,8.118,16936.13,18498.36,16767.78,1.16
2014-01-07,7.77,8.0,7.9,7.76,12520.53,0.0,0.0,8.188,8.265,8.118,20329.15,19799.93,16593.12,1.17
2014-01-06,8.24,8.36,7.9,7.86,16715.03,-0.43,-5.16,8.278,8.305,8.128,21066.16,24234.79,16623.02,1.56
2014-01-03,8.45,8.65,8.33,8.26,21312.14,-0.12,-1.42,8.364,8.306,8.129,21495.63,23407.4,16252.52,1.99
2014-01-02,8.35,8.53,8.45,8.27,21760.19,0.09,1.08,8.348,8.261,8.113,20759.32,22089.16,16087.56,2.03
2013-12-31,8.2,8.36,8.36,8.15,29337.86,0.01,0.12,8.338,8.202,8.09,20060.59,20437.14,16014.12,2.74
2013-12-30,8.35,8.42,8.35,8.22,16205.56,0.02,0.24,8.342,8.145,8.064,19270.72,18131.74,15163.43,1.53
2013-12-27,8.25,8.45,8.33,8.19,18862.4,0.08,0.97,8.332,8.092,8.027,27403.42,17314.18,15510.59,1.78
2013-12-26,8.38,8.42,8.25,8.25,17630.59,-0.15,-1.79,8.248,8.063,8.006,25319.18,16368.75,15264.34,1.66
2013-12-25,8.38,8.45,8.4,8.27,18266.56,0.02,0.24,8.174,8.038,7.989,23419.01,15503.44,15228.35,1.72
2013-12-24,8.2,8.41,8.38,8.19,25388.47,0.08,0.96,8.066,8.005,7.961,20813.68,15037.21,14926.51,2.39
2013-12-23,7.94,8.5,8.3,7.94,56869.08,0.39,4.93,7.948,7.97,7.932,16992.76,13386.3,14402.74,5.36
2013-12-20,7.88,7.91,7.91,7.79,8441.19,0.03,0.38,7.852,7.95,7.9,7224.94,9011.24,11961.49,0.79
2013-12-19,7.9,7.93,7.88,7.78,8129.73,0.02,0.25,7.878,7.951,7.887,7418.31,9097.64,12104.15,0.77
2013-12-18,7.84,7.96,7.86,7.75,5239.95,0.07,0.9,7.902,7.964,7.878,7587.87,10085.96,12378.85,0.49
2013-12-17,7.83,7.86,7.79,7.76,6283.85,-0.03,-0.38,7.944,7.977,7.867,9260.73,11591.1,12743.37,0.59
2013-12-16,8.06,8.06,7.82,7.82,8029.99,-0.22,-2.74,7.992,7.983,7.86,9779.84,12195.13,13535.28,0.76
2013-12-13,7.96,8.06,8.04,7.94,9408.05,0.04,0.5,8.048,7.962,7.849,10797.55,13707.01,15036.47,0.89
2013-12-12,8.04,8.06,8.0,7.93,8977.52,-0.07,-0.87,8.024,7.949,7.813,10776.97,14159.94,15692.28,0.85
2013-12-11,7.97,8.1,8.07,7.85,13604.23,0.04,0.5,8.026,7.94,7.771,12584.05,14953.26,15663.78,1.28
2013-12-10,8.06,8.15,8.03,8.0,8879.41,-0.07,-0.86,8.01,7.916,7.718,13921.46,14815.81,15331.61,0.84
2013-12-09,7.93,8.12,8.1,7.93,13118.52,0.18,2.27,7.974,7.894,7.673,14610.42,15419.18,15316.99,1.24
2013-12-06,8.0,8.0,7.92,7.87,9305.19,-0.09,-1.12,7.876,7.85,7.622,16616.46,14911.73,15047.59,0.88
2013-12-05,8.05,8.13,8.01,7.92,18012.91,0.02,0.25,7.874,7.823,7.579,17542.9,15110.66,15578.31,1.7
2013-12-04,7.84,8.13,7.99,7.84,20291.28,0.14,1.78,7.854,7.791,7.547,17322.47,14671.74,15237.93,1.91
2013-12-03,7.61,7.9,7.85,7.56,12324.19,0.24,3.15,7.822,7.756,7.526,15710.16,13895.65,15181.44,1.16
2013-12-02,7.66,7.97,7.61,7.51,23148.75,-0.3,-3.79,7.814,7.736,7.509,16227.95,14875.43,15122.88,2.18
2013-11-29,7.91,7.97,7.91,7.86,13937.35,0.0,0.0,7.824,7.735,7.502,13207.0,16365.93,14566.01,1.31
2013-11-28,7.82,7.94,7.91,7.8,16910.8,0.08,1.02,7.772,7.676,7.477,12678.42,17224.63,14307.11,1.59
2013-11-27,7.82,7.86,7.83,7.72,12229.7,0.02,0.26,7.728,7.601,7.454,12021.0,16374.3,14103.99,1.15
2013-11-26,7.65,7.82,7.81,7.63,14913.14,0.15,1.96,7.69,7.52,7.438,12081.14,15847.41,14342.84,1.4
2013-11-25,7.56,7.72,7.66,7.56,8044.02,0.01,0.13,7.658,7.451,7.419,13522.91,15214.8,15640.22,0.76
2013-11-22,7.69,7.73,7.65,7.6,11294.42,-0.04,-0.52,7.646,7.394,7.445,19524.86,15183.45,16163.62,1.06
2013-11-21,7.6,7.73,7.69,7.53,13623.7,0.05,0.65,7.58,7.334,7.469,21770.85,16045.96,16833.63,1.28
2013-11-20,7.6,7.68,7.64,7.5,12530.42,-0.01,-0.13,7.474,7.302,7.493,20727.6,15804.13,17380.75,1.18
2013-11-19,7.58,7.74,7.65,7.48,22122.0,0.05,0.66,7.35,7.295,7.52,19613.68,16467.23,18535.96,2.08
2013-11-18,7.28,7.73,7.6,7.27,38053.77,0.28,3.83,7.244,7.282,7.572,16906.69,15370.34,20322.52,3.58
2013-11-15,7.16,7.4,7.32,7.13,22524.35,0.16,2.23,7.142,7.269,7.617,10842.04,12766.08,20379.68,2.12
2013-11-14,7.07,7.19,7.16,7.0,8407.48,0.14,1.99,7.088,7.277,7.675,10321.07,11389.58,21173.33,0.79
2013-11-13,7.12,7.16,7.02,7.01,6960.78,-0.1,-1.4,7.13,7.306,7.738,10880.65,11833.68,24201.07,0.66
2013-11-12,7.09,7.18,7.12,7.04,8587.06,0.03,0.42,7.24,7.355,7.807,13320.79,12838.28,27571.09,0.81
2013-11-11,7.02,7.13,7.09,6.96,7730.52,0.04,0.57,7.32,7.386,7.877,13833.99,16065.64,30961.27,0.73
2013-11-08,7.37,7.39,7.05,6.94,19919.5,-0.32,-4.34,7.396,7.495,7.933,14690.12,17143.8,32438.49,1.88
2013-11-07,7.54,7.58,7.37,7.36,11205.39,-0.2,-2.64,7.466,7.604,7.999,12458.09,17621.31,35314.59,1.06
2013-11-06,7.5,7.71,7.57,7.45,19161.48,0.05,0.67,7.482,7.683,8.03,12786.71,18957.37,36571.39,1.8
2013-11-05,7.4,7.53,7.52,7.34,11153.05,0.05,0.67,7.47,7.744,8.044,12355.77,20604.68,36931.63,1.05
2013-11-04,7.56,7.56,7.47,7.33,12011.18,0.07,0.95,7.452,7.862,8.062,18297.28,25274.71,38268.12,1.13
2013-11-01,7.36,7.47,7.4,7.36,8759.37,-0.05,-0.67,7.594,7.965,8.068,19597.47,27993.28,38776.2,0.82
2013-10-31,7.5,7.54,7.45,7.33,12848.49,-0.06,-0.8,7.742,8.072,8.075,22784.52,30957.08,39783.55,1.21
2013-10-30,7.41,7.56,7.51,7.26,17006.75,0.08,1.08,7.884,8.17,8.085,25128.03,36568.46,40598.2,1.6
2013-10-29,8.18,8.2,7.43,7.36,40860.63,-0.75,-9.17,8.018,8.258,8.085,28853.6,42303.89,40964.74,3.85
2013-10-28,8.08,8.26,8.18,8.0,18512.13,0.04,0.49,8.272,8.367,8.086,32252.14,45856.9,39583.88,1.74
2013-10-25,8.15,8.33,8.14,8.09,24694.58,-0.02,-0.24,8.336,8.371,8.05,36389.09,47733.19,39190.03,2.33
2013-10-24,8.15,8.36,8.16,8.12,24566.05,-0.02,-0.24,8.402,8.394,8.012,39129.65,53007.88,38594.37,2.31
2013-10-23,8.65,8.7,8.18,8.1,35634.62,-0.52,-5.98,8.456,8.377,7.97,48008.88,54185.41,38059.36,3.36
2013-10-22,8.46,8.75,8.7,8.33,57853.31,0.2,2.35,8.498,8.344,7.936,55754.19,53258.58,37106.56,5.45
2013-10-21,8.52,8.57,8.5,8.39,39196.9,0.03,0.35,8.462,8.261,7.879,59461.65,51261.53,35580.35,3.69
2013-10-18,8.35,8.63,8.47,8.15,38397.36,0.04,0.47,8.406,8.171,7.839,59077.28,49559.12,35781.48,3.62
2013-10-17,8.33,8.68,8.43,8.08,68962.22,0.04,0.48,8.386,8.078,7.786,66886.11,48610.02,34947.57,6.49
2013-10-16,8.48,8.9,8.39,8.32,74361.14,-0.13,-1.53,8.298,7.999,7.74,60361.95,44627.94,32844.38,7.0
2013-10-15,8.32,8.85,8.52,8.32,76390.64,0.3,3.65,8.19,7.912,7.691,50762.97,39625.58,29923.41,7.19
2013-10-14,8.23,8.36,8.22,8.18,37275.04,-0.15,-1.79,8.06,7.805,7.633,43061.41,33310.87,26694.98,3.51
2013-10-11,7.89,8.53,8.37,7.83,77441.53,0.38,4.76,7.936,7.729,7.591,40040.96,30646.87,25350.86,7.29
2013-10-10,7.85,8.07,7.99,7.66,36341.38,0.14,1.78,7.77,7.63,7.541,30333.93,24180.86,22038.03,3.42
2013-10-09,7.88,7.96,7.85,7.78,26366.24,-0.02,-0.25,7.7,7.562,7.514,28893.94,21933.31,21176.6,2.48
2013-10-08,7.62,7.88,7.87,7.6,37882.86,0.27,3.55,7.634,7.527,7.485,28488.19,20954.54,20501.69,3.57
2013-09-30,7.53,7.74,7.6,7.5,22172.79,0.06,0.8,7.55,7.496,7.446,23560.33,19899.17,19426.23,2.09
2013-09-27,7.59,7.79,7.54,7.51,28906.37,-0.1,-1.31,7.522,7.506,7.427,21252.78,22003.84,19226.35,2.72
2013-09-26,7.53,7.78,7.64,7.5,29141.42,0.12,1.6,7.49,7.494,7.417,18027.8,21285.13,18671.33,2.74
2013-09-25,7.49,7.66,7.52,7.46,24337.5,0.07,0.94,7.424,7.48,7.411,14972.68,21060.82,18106.84,2.29
2013-09-24,7.49,7.52,7.45,7.4,13243.57,-0.01,-0.13,7.42,7.47,7.408,13420.89,20221.23,17810.36,1.25
2013-09-23,7.38,7.48,7.46,7.32,10635.03,0.08,1.08,7.442,7.461,7.405,16238.0,20079.08,18665.77,1.0
2013-09-18,7.31,7.43,7.38,7.23,12781.47,0.07,0.96,7.49,7.453,7.407,22754.89,20054.84,20463.72,1.2
2013-09-17,7.53,7.55,7.31,7.3,13865.81,-0.19,-2.53,7.498,7.452,7.41,24542.46,19895.19,20599.03,1.31
2013-09-16,7.57,7.65,7.5,7.45,16578.58,-0.06,-0.79,7.536,7.465,7.412,27148.97,20419.89,20787.26,1.56
2013-09-13,7.64,7.68,7.56,7.51,27329.13,-0.14,-1.82,7.52,7.442,7.397,27021.57,20048.84,20531.58,2.57
2013-09-12,7.42,7.77,7.7,7.34,43219.47,0.28,3.77,7.48,7.395,7.374,23920.16,18953.3,19987.86,4.07
2013-09-11,7.55,7.57,7.42,7.34,21719.29,-0.08,-1.07,7.416,7.347,7.357,17354.79,16448.87,18448.96,2.05
2013-09-10,7.42,7.5,7.5,7.37,26898.36,0.08,1.08,7.406,7.34,7.356,15247.93,16057.53,18358.76,2.53
2013-09-09,7.32,7.44,7.42,7.3,15941.62,0.06,0.81,7.394,7.341,7.359,13690.81,15152.85,18211.31,1.5
2013-09-06,7.38,7.38,7.36,7.24,11822.04,-0.02,-0.27,7.364,7.345,7.367,13076.1,15399.48,19167.76,1.11
2013-09-05,7.41,7.44,7.38,7.3,10392.64,0.01,0.14,7.31,7.349,7.365,13986.44,17252.46,19300.05,0.98
2013-09-04,7.42,7.44,7.37,7.3,11185.0,-0.07,-0.94,7.278,7.361,7.359,15542.95,20872.6,19643.16,1.05
2013-09-03,7.27,7.48,7.44,7.23,19112.76,0.17,2.34,7.274,7.367,7.358,16867.13,21302.86,20271.08,1.8
2013-09-02,7.09,7.29,7.27,7.09,12868.06,0.18,2.54,7.288,7.358,7.362,16614.89,21154.64,21326.38,1.21
2013-08-30,7.25,7.28,7.09,7.08,16373.75,-0.13,-1.8,7.326,7.351,7.368,17722.86,21014.33,22182.58,1.54
2013-08-29,7.33,7.38,7.22,7.2,18175.19,-0.13,-1.77,7.388,7.352,7.384,20518.47,21022.42,22698.03,1.71
2013-08-28,7.47,7.52,7.35,7.33,17805.88,-0.16,-2.13,7.444,7.366,7.393,26202.25,20449.06,23175.16,1.68
2013-08-27,7.46,7.57,7.51,7.41,17851.59,0.05,0.67,7.46,7.372,7.395,25738.59,20660.0,23238.8,1.68
2013-08-26,7.4,7.46,7.46,7.31,18407.88,0.06,0.81,7.428,7.376,7.39,25694.38,21269.78,23336.76,1.73
2013-08-23,7.42,7.47,7.4,7.22,30351.82,-0.1,-1.33,7.376,7.388,7.386,24305.8,22936.04,24508.39,2.86
2013-08-22,7.4,7.68,7.5,7.4,46594.09,0.07,0.94,7.316,7.381,7.39,21526.37,21347.64,26898.3,4.39
2013-08-21,7.35,7.48,7.43,7.27,15487.58,0.08,1.09,7.288,7.357,7.378,14695.86,18413.72,26879.52,1.46
2013-08-20,7.2,7.36,7.35,7.15,17630.55,0.15,2.08,7.284,7.348,7.351,15581.4,19239.31,26817.95,1.66
2013-08-19,7.07,7.23,7.2,7.02,11464.97,0.1,1.41,7.324,7.366,7.33,16845.17,21498.11,26742.09,1.08
2013-08-16,7.34,7.44,7.1,7.1,16454.64,-0.26,-3.53,7.4,7.384,7.306,21566.28,23350.84,26759.23,1.55
2013-08-15,7.4,7.43,7.36,7.33,12441.55,-0.05,-0.68,7.446,7.416,7.285,21168.92,24373.63,26744.54,1.17
2013-08-14,7.54,7.54,7.41,7.38,19915.29,-0.14,-1.85,7.426,7.42,7.261,22131.58,25901.27,26757.49,1.88
2013-08-13,7.56,7.58,7.55,7.41,23949.39,-0.03,-0.4,7.412,7.418,7.233,22897.21,25817.6,26741.13,2.26
2013-08-12,7.32,7.69,7.58,7.32,35070.51,0.25,3.41,7.408,7.403,7.208,26151.06,25403.74,27598.87,3.3
2013-08-09,7.25,7.35,7.33,7.22,14467.85,0.07,0.96,7.368,7.384,7.164,25135.4,26080.73,26657.65,1.36
2013-08-08,7.3,7.38,7.26,7.23,17254.88,-0.08,-1.09,7.386,7.399,7.131,27578.35,32448.95,26792.31,1.64
2013-08-07,7.52,7.52,7.34,7.32,23743.44,-0.19,-2.52,7.414,7.398,7.103,29670.95,35345.32,27082.23,2.26
2013-08-06,7.45,7.63,7.53,7.34,40218.61,0.15,2.03,7.424,7.354,7.064,28737.98,34396.6,26561.05,3.83
2013-08-05,7.47,7.47,7.38,7.2,29992.22,-0.04,-0.54,7.398,7.293,7.003,24656.42,31986.08,24959.0,2.86
2013-08-02,7.39,7.52,7.42,7.36,26682.59,0.02,0.27,7.4,7.227,6.946,27026.07,30167.62,24159.47,2.54
2013-08-01,7.43,7.49,7.4,7.2,27717.88,0.01,0.14,7.412,7.153,6.901,37319.55,29115.45,23596.08,2.6
2013-07-31,7.34,7.48,7.39,7.32,19078.62,-0.01,-0.14,7.382,7.101,6.858,41019.69,27613.71,22909.63,1.79
2013-07-30,7.4,7.45,7.4,7.18,19810.81,0.01,0.14,7.284,7.048,6.812,40055.21,27664.66,22517.78,1.86
2013-07-29,7.41,7.72,7.39,7.3,41840.45,-0.09,-1.2,7.188,7.013,6.772,39315.73,29794.0,22123.06,3.92
2013-07-26,7.11,7.63,7.48,7.05,78149.98,0.23,3.17,7.054,6.944,6.724,33309.17,27234.57,20505.35,7.33
2013-07-25,6.87,7.3,7.25,6.81,46218.57,0.35,5.07,6.894,6.862,6.668,20911.35,21135.67,17185.42,4.33
2013-07-24,6.92,6.96,6.9,6.81,14256.24,-0.02,-0.29,6.82,6.807,6.625,14207.73,18819.15,15596.24,1.34
2013-07-23,6.75,6.93,6.92,6.7,16113.4,0.2,2.98,6.812,6.773,6.611,15274.1,18725.5,15605.98,1.51
2013-07-22,6.64,6.74,6.72,6.55,11807.64,0.04,0.6,6.838,6.713,6.59,20272.28,17931.92,15822.7,1.11
2013-07-19,6.85,6.99,6.68,6.66,16160.9,-0.2,-2.91,6.834,6.664,6.583,21159.97,18151.33,15971.03,1.52
2013-07-18,6.81,6.98,6.88,6.76,12700.47,0.02,0.29,6.83,6.649,6.599,21359.98,18076.71,15751.4,1.19
2013-07-17,6.94,7.0,6.86,6.84,19588.1,-0.19,-2.69,6.794,6.614,6.606,23430.58,18205.55,15812.77,1.84
2013-07-16,6.73,7.22,7.05,6.62,41104.28,0.35,5.22,6.734,6.576,6.621,22176.89,17370.91,15698.34,3.85
2013-07-15,6.71,6.78,6.7,6.62,16246.08,0.04,0.6,6.588,6.53,6.634,15591.57,14452.12,14266.62,1.52
2013-07-12,6.65,6.81,6.66,6.62,17160.98,-0.04,-0.6,6.494,6.504,6.663,15142.68,13776.13,14377.8,1.61
2013-07-11,6.58,6.88,6.7,6.5,23053.44,0.14,2.13,6.468,6.474,6.705,14793.44,13235.18,14345.13,2.16
2013-07-10,6.3,6.56,6.56,6.29,13319.67,0.24,3.8,6.434,6.443,6.743,12980.52,12373.32,14286.67,1.25
2013-07-09,6.23,6.33,6.32,6.22,8177.66,0.09,1.45,6.418,6.448,6.807,12564.93,12486.45,14670.97,0.77
2013-07-08,6.5,6.5,6.23,6.2,14001.67,-0.3,-4.59,6.472,6.466,6.898,13312.68,13713.47,15551.42,1.31
2013-07-05,6.54,6.68,6.53,6.51,15414.74,0.0,0.0,6.514,6.501,7.004,12409.58,13790.73,15910.15,1.45
2013-07-04,6.46,6.59,6.53,6.35,13988.86,0.05,0.77,6.48,6.548,7.099,11676.93,13426.09,16816.04,1.31
2013-07-03,6.6,6.6,6.48,6.39,11241.74,-0.11,-1.67,6.452,6.598,7.21,11766.11,13419.99,19506.74,1.05
2013-07-02,6.44,6.6,6.59,6.42,11916.37,0.15,2.33,6.478,6.666,7.32,12407.97,14025.77,23836.61,1.12
2013-07-01,6.36,6.49,6.44,6.27,9486.17,0.08,1.26,6.46,6.737,7.405,14114.27,14081.12,24338.42,0.89
2013-06-28,6.4,6.5,6.36,6.23,11751.52,-0.03,-0.47,6.488,6.822,7.498,15171.89,14979.46,25230.96,1.12
2013-06-27,6.61,6.7,6.39,6.39,14434.77,-0.22,-3.33,6.616,6.935,7.599,15175.24,15455.09,26657.57,1.37
2013-06-26,6.49,6.62,6.61,6.36,14451.04,0.11,1.69,6.744,7.043,7.695,15073.87,16200.03,27515.07,1.38
2013-06-25,6.41,6.62,6.5,5.93,20447.85,-0.08,-1.22,6.854,7.166,7.774,15643.57,16855.48,28070.8,1.95
2013-06-24,6.94,6.99,6.58,6.5,14774.27,-0.42,-6.0,7.014,7.329,7.853,14047.98,17389.38,29335.56,1.41
2013-06-21,7.0,7.09,7.0,6.87,11768.27,-0.03,-0.43,7.156,7.507,7.94,14787.04,18029.56,31859.2,1.12
2013-06-20,7.13,7.23,7.03,7.01,13927.9,-0.13,-1.82,7.254,7.65,8.01,15734.93,20205.99,36641.59,1.33
2013-06-19,7.33,7.33,7.16,7.04,17299.55,-0.14,-1.92,7.342,7.821,8.047,17326.18,25593.48,39034.59,1.65
2013-06-18,7.24,7.37,7.3,7.24,12469.89,0.01,0.14,7.478,7.973,8.088,18067.4,33647.44,39163.85,1.19
2013-06-17,7.4,7.49,7.29,7.24,18469.57,-0.2,-2.67,7.644,8.072,8.128,20730.77,34595.72,40140.65,1.76
2013-06-14,7.41,7.56,7.49,7.4,16507.74,0.02,0.27,7.858,8.174,8.163,21272.09,35482.46,40229.67,1.57
2013-06-13,7.77,7.77,7.47,7.11,21884.17,-0.37,-4.72,8.046,8.262,8.189,24677.04,37860.06,41027.84,2.08
2013-06-07,8.11,8.19,7.84,7.83,21005.62,-0.29,-3.57,8.3,8.347,8.213,33860.78,38830.11,41478.32,2.0
2013-06-06,8.36,8.4,8.13,8.11,25786.77,-0.23,-2.75,8.468,8.382,8.21,49227.48,39286.12,41194.65,2.46
2013-06-05,8.37,8.48,8.36,8.25,21176.14,-0.07,-0.83,8.5,8.377,8.191,48460.66,41281.74,40727.56,2.02
2013-06-04,8.71,8.71,8.43,8.3,33532.51,-0.31,-3.55,8.49,8.372,8.155,49692.83,45688.83,40495.85,3.19
2013-06-03,8.65,8.87,8.74,8.5,67802.87,0.06,0.69,8.478,8.369,8.111,51043.08,53077.19,39350.63,6.46
2013-05-31,8.34,8.95,8.68,8.26,97839.12,0.39,4.7,8.394,8.273,8.051,43799.43,52475.7,37466.67,9.32
2013-05-30,8.28,8.34,8.29,8.22,21952.67,-0.02,-0.24,8.296,8.202,8.015,29344.77,44680.25,34039.97,2.09
2013-05-29,8.36,8.38,8.31,8.27,27336.99,-0.06,-0.72,8.254,8.183,7.998,34102.82,45685.58,34186.52,2.6
2013-05-28,8.32,8.38,8.37,8.18,40283.76,0.05,0.6,8.254,8.151,7.974,41684.83,44976.89,34671.1,3.84
2013-05-27,8.24,8.36,8.32,8.19,31584.63,0.13,1.59,8.26,8.116,7.962,55111.31,44195.63,34718.84,3.01
2013-05-24,8.03,8.24,8.19,8.03,25565.78,0.11,1.36,8.152,8.079,7.959,61151.97,44126.53,35309.62,2.44
2013-05-23,8.28,8.28,8.08,7.98,45742.94,-0.23,-2.77,8.108,8.038,7.954,60015.74,43103.18,35183.62,4.36
2013-05-22,8.27,8.53,8.31,8.21,65247.04,-0.09,-1.07,8.112,8.005,7.955,57268.33,40173.38,34092.99,6.21
2013-05-21,7.66,8.56,8.4,7.66,107416.14,0.62,7.97,8.048,7.937,7.944,48268.94,35302.87,32322.98,10.23
2013-05-15,7.9,7.98,7.78,7.66,61787.94,-0.19,-2.38,7.972,7.852,7.93,33279.94,25624.07,28278.26,5.89
2013-05-14,8.05,8.08,7.97,7.9,19884.63,-0.13,-1.6,8.006,7.828,7.946,27101.1,22457.63,27252.97,1.89
2013-05-13,7.98,8.17,8.1,7.86,32005.92,0.11,1.38,7.968,7.827,7.966,26190.63,23399.69,28017.9,3.05
2013-05-10,7.96,8.07,7.99,7.93,20250.09,-0.03,-0.37,7.898,7.812,7.982,23078.42,22687.46,28925.77,1.93
2013-05-09,7.9,8.1,8.02,7.85,32471.14,0.07,0.88,7.826,7.797,8.02,22336.79,24365.32,32252.12,3.09
2013-05-08,7.76,7.99,7.95,7.71,30893.72,0.17,2.19,7.732,7.808,8.045,17968.2,25242.05,35029.78,2.94
2013-05-07,7.75,7.82,7.78,7.68,15332.27,0.03,0.39,7.65,7.839,8.084,17814.16,26492.7,38398.21,1.46
2013-05-06,7.6,7.78,7.75,7.6,16444.89,0.12,1.57,7.686,7.869,8.16,20608.76,27264.06,43939.49,1.57
2013-05-03,7.55,7.72,7.63,7.54,16541.91,0.08,1.06,7.726,7.905,8.239,22296.5,28012.61,49848.29,1.58
2013-05-02,7.57,7.6,7.55,7.46,10628.23,0.01,0.13,7.768,7.951,8.343,26393.85,29343.09,58336.68,1.01
2013-04-26,7.96,8.04,7.54,7.48,30123.49,-0.42,-5.28,7.884,8.007,8.406,32515.89,30932.44,64634.67,2.87
2013-04-25,7.95,8.1,7.96,7.84,29305.27,0.01,0.13,8.028,8.063,8.455,35171.24,32048.3,67924.26,2.79
2013-04-24,7.85,8.01,7.95,7.8,24883.6,0.11,1.4,8.052,8.105,8.469,33919.35,32636.11,68206.96,2.37
2013-04-23,8.08,8.08,7.84,7.8,37028.68,-0.29,-3.57,8.084,8.152,8.495,33728.72,35164.09,69338.85,3.53
2013-04-22,8.2,8.2,8.13,8.0,41238.39,-0.13,-1.57,8.134,8.243,8.52,32292.34,40138.92,69573.68,3.93
2013-04-19,8.13,8.35,8.26,8.12,43400.27,0.18,2.23,8.13,8.282,8.526,29349.0,44817.52,68916.34,4.13
2013-04-18,8.05,8.11,8.08,7.95,23045.82,-0.03,-0.37,8.098,8.328,8.526,28925.36,50303.73,68796.43,2.2
2013-04-17,8.05,8.14,8.11,7.98,23930.44,0.02,0.25,8.158,8.45,8.533,31352.86,60614.92,69600.22,2.28
2013-04-16,8.0,8.11,8.09,7.8,29846.76,-0.02,-0.25,8.22,8.573,8.519,36599.46,71683.98,69031.83,2.84
2013-04-15,8.1,8.29,8.11,8.01,26521.7,0.01,0.12,8.352,8.734,8.503,47985.5,87330.26,68090.58,2.53
2013-04-12,8.34,8.36,8.1,8.07,41282.09,-0.28,-3.34,8.434,8.805,8.488,60286.03,98336.89,67235.35,3.93
2013-04-11,8.42,8.57,8.38,8.34,35183.32,-0.04,-0.47,8.558,8.846,8.476,71682.09,103800.23,66277.39,3.35
2013-04-10,8.64,8.64,8.42,8.28,50163.41,-0.33,-3.77,8.742,8.832,8.462,89876.97,103777.82,66654.83,4.78
2013-04-09,8.44,8.84,8.75,8.33,86776.97,0.23,2.7,8.926,8.837,8.46,106768.5,103513.61,67174.84,8.27
2013-04-08,8.45,8.75,8.52,8.08,88024.37,-0.2,-2.29,9.116,8.797,8.435,126675.03,99008.44,64216.05,8.38
2013-04-03,9.2,9.2,8.72,8.58,98262.37,-0.58,-6.24,9.176,8.769,8.42,136387.75,93015.17,61747.76,9.36
2013-04-02,9.31,9.84,9.3,9.2,126157.74,-0.04,-0.43,9.134,8.724,8.389,135918.36,87289.13,57839.41,12.02
2013-04-01,9.56,9.76,9.34,9.3,134621.05,-0.36,-3.71,8.922,8.616,8.326,117678.67,78585.52,52194.23,12.82
2013-03-29,8.83,9.7,9.7,8.7,186309.61,0.88,9.98,8.748,8.464,8.249,100258.72,66379.68,46618.72,17.75
2013-03-28,8.39,9.12,8.82,8.25,136587.98,0.31,3.64,8.478,8.271,8.171,71341.86,48850.89,38381.74,13.01
2013-03-27,8.25,9.0,8.51,8.25,95915.44,0.27,3.28,8.362,8.171,8.131,49642.6,36133.81,32327.78,9.14
2013-03-26,8.45,8.45,8.24,8.14,34959.28,-0.23,-2.71,8.314,8.105,8.1,38659.9,28754.55,28042.69,3.33
2013-03-25,8.44,8.55,8.47,8.29,47521.28,0.12,1.44,8.31,8.092,8.085,39492.36,29531.84,26966.23,4.53
2013-03-22,8.21,8.5,8.35,8.18,41725.3,0.11,1.33,8.18,8.083,8.065,32500.65,30836.07,25466.72,3.97
2013-03-21,8.29,8.34,8.24,8.22,28091.68,-0.03,-0.36,8.064,8.073,8.05,26359.92,29423.66,24363.28,2.68
2013-03-20,8.2,8.29,8.27,8.1,41001.97,0.05,0.61,7.98,8.071,8.033,22625.03,30480.36,23992.43,3.91
2013-03-19,7.89,8.28,8.22,7.84,39121.57,0.4,5.12,7.896,8.054,8.029,18849.2,28389.68,22697.04,3.73
2013-03-18,7.77,8.03,7.82,7.77,12562.72,0.05,0.64,7.874,8.035,8.022,19571.32,25802.95,21723.22,1.2
2013-03-15,7.86,7.91,7.77,7.71,11021.68,-0.05,-0.64,7.986,8.034,8.048,29171.49,26857.75,22204.45,1.05
2013-03-14,7.81,7.95,7.82,7.79,9417.21,-0.03,-0.38,8.082,8.071,8.075,32487.4,27912.6,22883.25,0.9
2013-03-13,8.06,8.07,7.85,7.73,22122.84,-0.26,-3.21,8.162,8.091,8.097,38335.68,28521.75,23792.84,2.11
2013-03-12,8.3,8.41,8.11,8.01,42732.14,-0.27,-3.22,8.212,8.095,8.112,37930.16,27330.83,23406.14,4.07
2013-03-11,8.25,8.54,8.38,8.16,60563.59,0.13,1.58,8.196,8.078,8.112,32034.58,24400.61,22388.99,5.77
2013-03-08,8.22,8.28,8.25,8.11,27601.2,0.03,0.36,8.082,8.046,8.097,24544.01,20097.38,20268.18,2.63
2013-03-07,8.09,8.24,8.22,8.04,38658.63,0.12,1.48,8.06,8.026,8.088,23337.8,19302.9,19836.82,3.68
2013-03-06,8.04,8.14,8.1,8.01,20095.26,0.07,0.87,8.02,7.995,8.079,18707.82,17504.51,18660.46,1.91
2013-03-05,7.81,8.03,8.03,7.8,13254.21,0.22,2.82,7.978,8.003,8.078,16731.49,17004.39,18564.81,1.26
2013-03-04,8.08,8.08,7.81,7.8,23110.74,-0.33,-4.05,7.96,8.009,8.081,16766.64,17643.48,18944.13,2.2
2013-03-01,8.03,8.15,8.14,7.99,21570.15,0.12,1.5,8.01,8.061,8.102,15650.74,17551.15,18623.63,2.05
2013-02-28,7.92,8.03,8.02,7.87,15508.72,0.13,1.65,7.992,8.079,8.099,15268.0,17853.9,18378.08,1.48
2013-02-27,8.01,8.03,7.89,7.87,10213.65,-0.05,-0.63,7.97,8.102,8.106,16301.2,19063.94,18638.93,0.97
2013-02-26,8.01,8.07,7.94,7.93,13429.96,-0.12,-1.49,8.028,8.128,8.128,17277.29,19481.46,19481.46,1.28
2013-02-25,8.05,8.15,8.06,7.97,17531.23,0.01,0.12,8.058,8.149,8.149,18520.32,20153.85,20153.85,1.67
2013-02-22,7.9,8.1,8.05,7.9,19656.44,0.14,1.77,8.112,8.16,8.16,19451.56,20481.68,20481.68,1.87
2013-02-21,8.12,8.16,7.91,7.91,20674.7,-0.27,-3.3,8.166,8.176,8.176,20439.8,20599.57,20599.57,1.97
2013-02-20,8.1,8.19,8.18,7.98,15094.13,0.09,1.11,8.234,8.22,8.22,21826.69,20587.05,20587.05,1.44
2013-02-19,8.31,8.35,8.09,8.03,19645.12,-0.24,-2.88,8.228,8.228,8.228,21685.63,21685.63,21685.63,1.87
2013-02-18,8.31,8.47,8.33,8.29,22187.42,0.01,0.12,8.263,8.263,8.263,22195.76,22195.76,22195.76,2.11
2013-02-08,8.18,8.35,8.32,8.12,24597.64,0.07,0.85,8.24,8.24,8.24,22198.54,22198.54,22198.54,2.34
2013-02-07,8.2,8.33,8.25,8.16,27609.12,0.1,1.23,8.2,8.2,8.2,20998.99,20998.99,20998.99,2.63
2013-02-06,8.15,8.15,8.15,8.07,14388.85,0.02,0.25,8.15,8.15,8.15,14388.85,14388.85,14388.85,1.37
