date,open,high,close,low,volume,price_change,p_change,ma5,ma10,ma20,v_ma5,v_ma10,v_ma20,turnover
2016-02-05,7.99,8.06,7.85,7.82,130199.65,-0.11,-1.38,7.736,7.786,7.995,133835.08,168602.98,216845.26,1.09
2016-02-04,7.75,8.23,7.96,7.75,164974.39,0.22,2.84,7.662,7.868,8.046,138154.51,173788.7,225856.58,1.39
2016-02-03,7.65,7.85,7.74,7.51,120309.56,-0.02,-0.26,7.502,7.906,8.1,132052.19,183442.95,220811.36,1.01
2016-02-02,7.41,7.89,7.76,7.39,130794.43,0.39,5.29,7.5,8.012,8.215,155794.99,204315.82,227625.91,1.1
2016-02-01,7.49,7.53,7.37,7.08,122897.35,-0.12,-1.6,7.554,8.094,8.314,193211.6,220811.71,238114.27,1.03
2016-01-29,7.25,7.6,7.48,7.08,151796.83,0.35,4.91,7.836,8.186,8.461,203370.88,236868.88,240992.69,1.28
2016-01-28,7.7,7.9,7.16,7.1,134462.78,-0.61,-7.85,8.074,8.227,8.66,209422.89,256095.2,241810.32,1.13
2016-01-27,8.0,8.18,7.73,7.33,239023.55,-0.28,-3.5,8.31,8.294,8.893,234833.71,268912.06,247061.81,2.01
2016-01-26,8.88,8.99,8.03,7.9,317877.47,-0.75,-8.54,8.524,8.285,9.088,252836.66,266696.88,246890.95,2.67
2016-01-25,8.75,8.88,8.78,8.6,173693.78,0.12,1.39,8.634,8.283,9.256,248411.81,253344.1,246802.52,1.46
2016-01-22,8.48,8.7,8.67,8.32,182056.89,0.36,4.33,8.536,8.203,9.42,270366.87,265087.54,251216.53,1.53
2016-01-21,8.6,8.83,8.34,8.28,261516.84,-0.47,-5.33,8.38,8.224,9.584,302767.51,277924.46,254224.6,2.2
2016-01-20,8.45,9.08,8.8,8.41,329038.31,0.22,2.56,8.278,8.294,9.76,302990.4,258179.78,257344.73,2.76
2016-01-19,8.22,8.67,8.58,8.07,295753.25,0.3,3.62,8.046,8.417,9.933,280557.1,250935.99,254220.94,2.48
2016-01-18,7.83,8.58,8.29,7.66,283469.06,0.42,5.34,7.932,8.534,10.112,258276.39,255416.84,255356.59,2.38
2016-01-15,7.78,8.23,7.89,7.68,344060.09,0.07,0.9,7.87,8.736,10.315,259808.21,245116.51,261804.49,2.89
2016-01-14,7.38,7.98,7.83,7.06,262631.31,0.22,2.89,8.068,9.092,10.558,253081.42,227525.44,264702.55,2.21
2016-01-13,8.06,8.26,7.64,7.56,216871.81,-0.36,-4.5,8.31,9.492,10.788,213369.16,225211.56,266352.0,1.82
2016-01-12,8.0,8.18,8.01,7.55,184349.69,0.03,0.38,8.788,9.891,11.026,221314.88,227085.03,271474.39,1.55
2016-01-11,8.83,8.95,7.98,7.98,291128.16,-0.89,-10.03,9.136,10.229,11.252,252557.29,240260.94,280959.13,2.45
2016-01-08,9.25,9.51,8.88,8.31,310426.12,-0.16,-1.77,9.602,10.637,11.448,230424.8,237345.52,278877.29,2.61
2016-01-07,9.8,9.89,9.04,9.04,64070.0,-1.0,-9.96,10.116,10.944,11.601,201969.47,230524.73,281442.33,0.54
2016-01-06,9.84,10.09,10.03,9.61,256600.44,0.32,3.3,10.674,11.226,11.761,237053.97,256509.69,298479.34,2.16
2016-01-05,9.7,10.19,9.75,9.28,340561.75,-0.56,-5.43,10.994,11.448,11.875,232855.17,257505.88,308251.07,2.86
2016-01-04,11.49,11.56,10.31,10.31,180465.7,-1.15,-10.04,11.322,11.69,12.04,227964.59,255296.34,320862.39,1.52
2015-12-31,11.8,11.91,11.45,11.44,168149.44,-0.34,-2.88,11.672,11.894,12.165,244266.24,278492.48,357707.11,1.41
2015-12-30,11.54,11.95,11.83,11.43,239492.5,0.23,1.98,11.772,12.023,12.24,259079.99,301879.67,392661.39,2.01
2015-12-29,11.39,11.75,11.63,11.19,235606.48,0.25,2.2,11.778,12.083,12.267,275965.41,307492.45,430687.74,1.98
2015-12-28,12.25,12.25,11.39,11.3,316108.84,-0.67,-5.56,11.902,12.16,12.326,282156.58,315863.76,515899.73,2.66
2015-12-25,12.03,12.18,12.06,11.86,261973.95,0.11,0.92,12.058,12.275,12.395,282628.08,321657.31,575852.94,2.2
2015-12-24,11.8,12.1,11.95,11.72,242218.2,0.12,1.01,12.116,12.258,12.371,312718.71,320409.07,619153.15,2.03
2015-12-23,12.3,12.36,11.86,11.81,323919.59,-0.39,-3.18,12.274,12.258,12.324,344679.34,332359.93,626725.42,2.72
2015-12-22,12.13,12.39,12.25,12.13,266562.34,0.08,0.66,12.388,12.296,12.299,339019.48,340448.99,635024.36,2.24
2015-12-21,12.15,12.3,12.17,11.95,318466.34,-0.19,-1.54,12.418,12.302,12.243,349570.93,358996.26,636602.35,2.68
2015-12-18,12.71,12.71,12.35,12.25,412427.09,-0.38,-2.98,12.492,12.39,12.186,360686.54,386428.45,649779.21,3.46
2015-12-17,12.55,12.78,12.74,12.46,402021.34,0.32,2.58,12.4,12.436,12.127,328099.42,436921.75,656467.61,3.38
2015-12-16,12.48,12.58,12.43,12.3,295620.31,0.01,0.08,12.242,12.457,12.02,320040.51,483443.11,647311.7,2.48
2015-12-15,12.48,12.73,12.4,12.32,319319.56,-0.14,-1.12,12.204,12.45,11.911,341878.5,553883.03,646310.23,2.68
2015-12-14,11.83,12.55,12.54,11.71,374044.38,0.65,5.47,12.186,12.492,11.818,368421.59,715935.7,654665.88,3.14
2015-12-11,12.02,12.18,11.89,11.77,249491.52,-0.04,-0.34,12.288,12.514,11.721,412170.37,830048.57,650187.66,2.1
2015-12-10,12.12,12.37,11.95,11.83,361726.78,-0.28,-2.29,12.472,12.484,11.65,545744.07,917897.23,655427.43,3.04
2015-12-09,12.1,12.76,12.24,11.91,404810.25,-0.06,-0.49,12.672,12.39,11.598,646845.71,921090.92,661470.36,3.4
2015-12-08,12.86,12.86,12.31,12.28,452035.03,-0.75,-5.74,12.696,12.302,11.549,765887.56,929599.73,662452.35,3.8
2015-12-07,12.72,13.4,13.05,12.72,592788.25,0.24,1.87,12.798,12.183,11.493,1063449.8,914208.45,665699.72,4.98
2015-12-04,12.68,13.5,12.81,12.58,917360.06,-0.13,-1.0,12.74,11.981,11.408,1247926.77,913129.96,678396.61,7.71
2015-12-03,12.07,12.99,12.95,11.91,867234.94,0.6,4.86,12.496,11.818,11.311,1290050.39,876013.48,664055.69,7.29
2015-12-02,12.46,12.61,12.36,11.6,1000019.5,-0.49,-3.81,12.108,11.583,11.186,1195336.14,811180.29,654056.67,8.4
2015-12-01,13.0,14.0,12.82,12.65,1939846.25,0.06,0.47,11.908,11.372,11.086,1093311.91,738737.44,627469.97,16.3
2015-11-30,12.06,12.76,12.76,11.7,1515173.12,1.16,10.0,11.568,11.143,10.933,764967.1,593396.06,544491.51,12.73
2015-11-27,11.0,12.1,11.59,10.82,1127978.12,0.59,5.36,11.222,10.928,10.785,578333.15,470326.75,483410.23,9.48
2015-11-26,11.36,11.46,11.01,10.95,393663.72,-0.35,-3.08,11.14,10.815,10.718,461976.58,392957.63,448372.63,3.31
2015-11-25,11.16,11.46,11.36,11.05,489898.34,0.25,2.25,11.058,10.805,10.703,427024.44,401849.8,453884.92,4.12
2015-11-24,10.95,11.17,11.12,10.71,298122.19,0.1,0.91,10.836,10.796,10.659,384162.97,395304.97,467908.93,2.5
2015-11-23,11.17,11.52,11.03,10.88,582003.38,-0.14,-1.25,10.718,10.802,10.627,421825.02,417190.99,480247.69,4.89
2015-11-20,10.6,11.18,11.18,10.52,546195.25,0.57,5.37,10.634,10.835,10.598,362320.35,443663.27,475827.15,4.59
2015-11-19,10.25,10.62,10.6,10.22,218903.02,0.35,3.42,10.49,10.804,10.569,323938.68,452097.89,481445.6,1.84
2015-11-18,10.65,10.66,10.25,10.1,275591.03,-0.26,-2.47,10.552,10.789,10.562,376675.16,496933.05,506679.86,2.32
2015-11-17,10.71,10.98,10.53,10.38,486432.44,-0.07,-0.66,10.756,10.8,10.555,406446.96,516202.5,532910.68,4.09
2015-11-16,10.2,10.61,10.61,10.11,284480.03,0.15,1.43,10.886,10.722,10.592,412556.95,495586.95,550096.16,2.39
2015-11-13,10.73,10.79,10.46,10.4,354286.88,-0.44,-4.04,11.036,10.642,10.607,525006.18,496493.71,575258.09,2.98
2015-11-12,11.26,11.32,10.91,10.74,482585.41,-0.35,-3.11,11.118,10.62,10.642,580257.1,503787.63,630926.34,4.05
2015-11-11,11.2,11.33,11.27,11.1,424450.03,0.1,0.9,11.026,10.6,10.624,617190.94,505920.04,650254.46,3.57
2015-11-10,11.1,11.47,11.18,11.01,516982.38,-0.17,-1.5,10.844,10.521,10.539,625958.04,540512.9,658315.6,4.34
2015-11-09,10.98,11.59,11.36,10.6,846726.19,0.49,4.51,10.558,10.451,10.486,578616.96,543304.39,669562.47,7.11
2015-11-06,10.35,10.94,10.87,10.33,630541.5,0.42,4.02,10.248,10.361,10.425,467981.25,507991.04,678047.33,5.3
2015-11-05,10.38,10.83,10.45,10.22,667254.62,0.1,0.97,10.122,10.333,10.343,427318.15,510793.31,674987.19,5.61
2015-11-04,9.93,10.37,10.36,9.82,468285.5,0.62,6.37,10.174,10.334,10.286,394649.14,516426.67,677205.15,3.93
2015-11-03,9.85,10.13,9.75,9.7,280277.0,-0.05,-0.51,10.198,10.31,10.207,455067.76,549618.86,689625.36,2.35
2015-11-02,9.96,10.28,9.81,9.71,293547.62,-0.41,-4.01,10.344,10.461,10.183,507991.81,604605.36,728629.86,2.47
2015-10-30,10.55,10.59,10.24,10.09,427226.03,-0.45,-4.21,10.474,10.571,10.182,548000.82,654022.48,789456.03,3.59
2015-10-29,10.5,11.05,10.71,10.5,503909.53,0.21,2.0,10.544,10.663,10.115,594268.46,758065.05,826165.84,4.23
2015-10-28,10.53,11.28,10.48,10.2,770378.62,0.01,0.1,10.494,10.648,9.984,638204.21,794588.89,820448.88,6.47
2015-10-27,10.4,10.49,10.48,9.71,544897.25,0.04,0.38,10.422,10.556,9.85,644169.96,776118.3,798435.83,4.58
2015-10-26,10.69,10.7,10.46,10.2,493592.69,-0.12,-1.13,10.578,10.521,9.732,701218.9,795820.55,794227.86,4.15
2015-10-23,10.38,10.99,10.59,10.2,658564.19,0.13,1.24,10.668,10.488,9.619,760044.13,848103.62,793631.68,5.53
2015-10-22,9.91,10.58,10.46,9.62,723588.31,0.34,3.36,10.782,10.352,9.476,921861.64,839181.08,780176.32,6.08
2015-10-21,11.08,11.58,10.12,10.12,800207.38,-1.12,-9.96,10.802,10.238,9.329,950973.56,837983.63,773252.4,6.72
2015-10-20,10.85,11.5,11.26,10.71,830141.94,0.34,3.11,10.69,10.103,9.205,908066.63,829631.86,755040.91,6.97
2015-10-19,10.88,11.1,10.91,10.52,787718.81,-0.16,-1.45,10.464,9.905,8.989,890422.19,852654.36,735336.92,6.62
2015-10-16,11.15,11.36,11.16,10.5,1467651.75,0.6,5.68,10.308,9.793,8.829,936163.11,924889.58,721723.72,12.33
2015-10-15,9.6,10.56,10.56,9.6,869147.94,0.96,10.0,9.922,9.567,8.699,756500.51,894266.63,666264.87,7.3
2015-10-14,10.01,10.1,9.56,9.53,585672.69,-0.57,-5.63,9.674,9.32,8.59,724993.69,846308.88,641041.33,4.92
2015-10-13,9.93,10.3,10.13,9.8,741919.75,0.0,0.0,9.516,9.143,8.544,751197.1,820753.36,644125.85,6.23
2015-10-12,9.12,10.13,10.13,9.0,1016423.44,0.92,9.99,9.346,8.943,8.445,814886.53,792635.17,629373.01,8.54
2015-10-09,9.15,9.28,9.23,8.96,569338.75,-0.1,-1.07,9.278,8.75,8.318,913616.04,739159.74,601836.08,4.78
2015-10-08,9.03,9.4,9.32,8.8,711613.81,0.56,6.39,9.212,8.6,8.224,1032032.74,721171.55,598243.77,5.98
2015-09-30,9.28,9.38,8.77,8.65,716689.75,-0.48,-5.19,8.966,8.419,8.165,967624.07,708521.18,589422.4,6.02
2015-09-29,9.37,9.69,9.28,9.13,1060366.88,-0.51,-5.21,8.77,8.307,8.18,890309.62,680449.97,589710.74,8.91
2015-09-28,9.0,9.79,9.79,8.79,1510071.0,0.89,10.0,8.54,8.073,8.218,770383.81,618019.49,578474.9,12.69
2015-09-25,8.6,8.9,8.9,8.6,1161422.25,0.81,10.01,8.222,7.864,8.185,564703.44,518557.87,546777.52,9.76
2015-09-24,7.84,8.19,8.09,7.83,389570.47,0.31,3.98,7.988,7.83,8.208,410310.37,438263.11,528001.99,3.27
2015-09-23,7.81,8.03,7.79,7.68,330117.5,-0.34,-4.18,7.872,7.86,8.324,449418.29,435773.78,524039.88,2.77
2015-09-22,8.11,8.32,8.13,7.88,460737.81,-0.05,-0.61,7.844,7.945,8.513,470590.31,467498.33,521283.38,3.87
2015-09-21,7.6,8.3,8.2,7.5,481669.16,0.44,5.67,7.606,7.947,8.749,465655.17,466110.85,570317.63,4.05
2015-09-18,7.58,7.8,7.73,7.35,389456.91,0.21,2.79,7.506,7.886,8.956,472412.3,464512.41,548504.55,3.27
2015-09-17,7.65,8.39,7.51,7.43,585110.06,-0.14,-1.83,7.672,7.847,9.131,466215.85,475315.98,530999.95,4.92
2015-09-16,6.97,7.65,7.65,6.95,435977.62,0.7,10.07,7.848,7.911,9.265,422129.27,470323.61,501916.35,3.66
2015-09-15,7.32,7.46,6.94,6.93,436062.12,-0.76,-9.87,8.046,8.052,9.346,464406.35,498971.51,494651.22,3.66
2015-09-14,8.8,8.97,7.7,7.7,515454.81,-0.85,-9.94,8.288,8.362,9.513,466566.52,538930.3,503081.72,4.33
2015-09-11,8.36,8.59,8.56,8.32,358474.62,0.18,2.15,8.266,8.505,9.689,456612.52,574997.17,498902.31,3.01
2015-09-10,8.4,8.66,8.39,8.22,364677.19,-0.24,-2.78,8.022,8.586,9.885,484416.11,617740.88,500062.02,3.06
2015-09-09,8.3,8.71,8.64,8.12,647363.0,0.45,5.5,7.974,8.788,10.158,518517.95,612305.98,498728.52,5.44
2015-09-08,7.5,8.28,8.15,7.3,446862.97,0.56,7.38,8.058,9.081,10.495,533536.66,575068.43,486929.29,3.75
2015-09-07,7.5,7.94,7.59,7.44,465684.84,0.25,3.41,8.436,9.551,10.836,611294.09,674524.42,480981.05,3.91
2015-09-02,7.43,8.34,7.34,7.34,497492.56,-0.81,-9.94,8.744,10.026,11.288,693381.82,632496.68,470329.72,4.18
2015-09-01,8.6,8.65,8.15,8.15,535186.38,-0.9,-9.95,9.15,10.414,11.844,751065.65,586683.93,465814.82,4.5
2015-08-31,9.9,9.92,9.06,9.04,722456.56,-0.98,-9.76,9.602,10.619,12.335,706094.01,533509.1,451284.3,6.07
2015-08-28,9.23,10.04,10.04,8.91,835650.12,0.91,9.97,10.104,10.64,12.753,616600.19,490330.94,429286.2,7.02
2015-08-27,9.38,9.85,9.13,8.43,876123.5,-0.24,-2.56,10.666,10.664,13.15,737754.75,467233.14,399742.57,7.36
2015-08-26,10.0,10.42,9.37,9.37,785911.69,-1.04,-9.99,11.308,10.873,13.692,571611.54,422807.44,367352.41,6.6
2015-08-25,10.41,10.66,10.41,10.41,310328.19,-1.16,-10.03,11.678,11.183,14.262,422302.2,382383.16,344877.49,2.61
2015-08-24,11.58,12.15,11.57,11.57,274987.47,-1.28,-9.96,11.636,11.527,14.74,360924.18,385151.06,343932.13,2.31
2015-08-21,12.34,13.45,12.85,12.11,1441422.88,0.51,4.13,11.176,11.909,15.216,364061.69,398790.16,351163.55,12.11
2015-08-20,12.34,12.34,12.34,12.34,45407.45,1.12,9.98,10.662,12.121,15.704,196711.54,287437.69,298230.09,0.38
2015-08-19,11.22,11.22,11.22,11.22,39365.01,1.02,10.0,10.438,12.55,16.197,274003.34,308162.77,314309.19,0.33
2015-08-18,10.2,10.2,10.2,10.2,3438.1,0.93,10.03,10.688,13.274,16.783,342464.13,344945.72,333515.66,0.03
2015-07-07,9.85,9.85,9.27,9.27,290675.03,-1.03,-10.0,11.418,14.05,17.447,409377.93,369059.51,355782.23,2.44
2015-07-06,12.3,12.32,10.28,10.1,604672.12,-0.94,-8.38,12.642,14.866,18.167,433518.63,368241.45,380566.94,5.08
2015-07-03,11.35,12.45,11.22,11.22,431866.44,-1.25,-10.02,13.58,15.635,18.833,378163.84,332251.99,397688.36,3.63
2015-07-02,12.7,13.7,12.47,12.47,381668.94,-1.38,-9.96,14.662,16.511,19.344,342322.19,311897.37,399260.52,3.21
2015-07-01,14.8,15.75,13.85,13.85,338007.12,-1.54,-10.01,15.86,17.34,19.763,347427.32,307371.81,401796.25,2.84
2015-06-30,14.95,15.53,15.39,13.47,411378.53,0.42,2.81,16.682,17.952,20.163,328741.08,302713.21,406001.08,3.46
2015-06-29,17.21,17.31,14.97,14.97,327898.16,-1.66,-9.98,17.09,18.522,20.466,302964.27,303536.95,406399.62,2.75
2015-06-26,17.5,18.1,16.63,16.63,252658.22,-1.85,-10.01,17.69,19.287,20.767,286340.13,309022.49,407720.21,2.12
2015-06-25,18.01,19.75,18.46,17.7,407194.56,0.51,2.84,18.36,19.844,21.003,281472.55,320455.61,414696.48,3.42
2015-06-24,17.71,18.2,17.96,17.34,244575.95,0.54,3.1,18.82,20.291,21.265,267316.3,322085.6,410795.87,2.05
2015-06-23,17.36,18.27,17.43,16.17,282494.47,-0.54,-3.0,19.222,20.843,21.568,276685.34,342504.95,416512.95,2.37
2015-06-19,19.56,19.96,17.97,17.97,244777.47,-2.0,-10.02,19.954,21.467,21.905,304109.62,392892.44,424473.73,2.06
2015-06-18,20.75,20.97,19.98,19.83,228320.31,-0.77,-3.71,20.884,22.03,22.206,331704.84,463124.74,434380.4,1.92
2015-06-17,19.97,20.95,20.76,19.35,336413.28,0.79,3.96,21.328,22.177,22.333,359438.68,486623.66,439415.64,2.83
2015-06-16,21.06,21.06,19.97,19.6,291421.16,-1.12,-5.31,21.762,22.186,22.319,376854.9,496220.69,434669.9,2.45
2015-06-15,22.8,22.8,21.09,20.9,419615.88,-1.53,-6.76,22.464,22.373,22.316,408324.57,509288.94,430741.34,3.53
2015-06-12,22.4,22.98,22.62,22.05,382753.56,0.42,1.89,22.98,22.409,22.25,481675.26,509262.3,421583.16,3.22
2015-06-11,22.63,22.98,22.2,22.0,366989.5,-0.73,-3.18,23.176,22.246,22.082,594544.63,506417.94,418585.47,3.08
2015-06-10,23.85,23.85,22.93,22.7,423494.41,-0.55,-2.34,23.026,22.161,21.9,613808.64,508937.35,410964.86,3.56
2015-06-09,23.74,23.98,23.48,22.8,448769.5,-0.19,-0.8,22.61,22.238,21.682,615586.48,499506.13,403386.22,3.77
2015-06-08,23.11,24.18,23.67,23.0,786369.31,0.07,0.3,22.282,22.292,21.397,610253.32,490520.94,388764.69,6.61
2015-06-05,21.75,23.6,23.6,21.3,947100.44,2.15,10.02,21.838,22.343,21.106,536849.34,456055.03,358607.79,7.96
2015-06-04,20.8,21.63,21.45,19.2,463309.53,0.6,2.88,21.316,22.381,20.793,418291.25,405636.07,318420.1,3.89
2015-06-03,21.86,22.22,20.85,20.2,432383.62,-0.99,-4.53,21.296,22.489,20.56,404066.06,392207.62,301327.77,3.63
2015-06-02,21.5,22.17,21.84,20.96,422103.69,0.39,1.82,21.866,22.452,20.354,383425.78,373119.1,286840.63,3.55
2015-06-01,21.0,21.52,21.45,20.35,419349.41,0.46,2.19,22.302,22.258,20.11,370788.56,352193.74,273804.69,3.52
2015-05-29,21.34,21.45,20.99,19.3,354310.0,-0.36,-1.69,22.848,22.09,19.913,375260.72,333904.03,259047.97,2.98
2015-05-28,23.7,23.7,21.35,21.33,392183.59,-2.35,-9.92,23.446,21.917,19.747,392980.89,330753.0,247199.19,3.29
2015-05-27,24.02,24.25,23.7,23.13,329182.22,-0.32,-1.33,23.682,21.638,19.576,380349.18,312992.38,235783.98,2.77
2015-05-26,23.95,24.3,24.02,23.0,358917.59,-0.16,-0.66,23.038,21.125,19.261,362812.42,307266.31,229875.04,3.02
2015-05-25,23.95,24.48,24.18,23.29,441710.19,0.2,0.83,22.214,20.501,18.978,333598.92,287008.45,225229.02,3.71
2015-05-22,22.67,24.75,23.98,22.67,442910.88,1.48,6.58,21.332,19.868,18.686,292547.34,261160.55,212568.98,3.72
2015-05-21,20.49,22.53,22.53,20.17,329025.0,2.05,10.01,20.388,19.204,18.416,268525.1,231204.14,202812.87,2.76
2015-05-20,19.95,20.98,20.48,19.95,241498.44,0.58,2.92,19.594,18.63,18.204,245635.58,210447.93,199678.04,2.03
2015-05-19,19.95,20.05,19.9,19.45,212850.08,0.13,0.66,19.212,18.255,18.085,251720.19,200562.17,201156.74,1.79
2015-05-18,19.29,20.05,19.77,19.24,236452.3,0.51,2.65,18.788,17.961,17.945,240417.97,195415.64,202055.68,1.99
2015-05-15,18.58,19.62,19.26,18.38,322799.69,0.7,3.77,18.404,17.735,17.809,229773.76,184191.91,201229.05,2.71
2015-05-14,18.75,18.9,18.56,18.31,214577.38,-0.01,-0.05,18.02,17.577,17.712,193883.17,163645.37,195257.44,1.8
2015-05-13,17.84,19.0,18.57,17.56,271921.5,0.79,4.44,17.666,17.514,17.643,175260.27,158575.58,194607.16,2.28
2015-05-12,17.9,17.97,17.78,17.5,156339.0,-0.07,-0.39,17.298,17.396,17.607,149404.14,152483.79,192855.82,1.31
2015-05-11,17.38,17.87,17.85,17.14,183231.22,0.51,2.94,17.134,17.454,17.632,150413.3,163449.6,196329.78,1.54
2015-05-08,16.91,17.35,17.34,16.91,143346.77,0.55,3.28,17.066,17.504,17.653,138610.06,163977.42,196340.41,1.2
2015-05-07,16.65,16.95,16.79,16.45,121462.87,0.06,0.36,17.134,17.627,17.694,133407.57,174421.59,199878.45,1.02
2015-05-06,17.09,17.27,16.73,16.63,142640.84,-0.23,-1.36,17.362,17.777,17.768,141890.89,188908.15,205853.34,1.2
2015-05-05,17.42,17.64,16.96,16.81,161384.78,-0.55,-3.14,17.494,17.914,17.878,155563.43,201751.32,214112.9,1.36
2015-05-04,17.73,17.99,17.51,17.4,124215.03,-0.17,-0.96,17.774,17.929,17.949,176485.9,208695.72,215208.85,1.04
2015-04-30,18.03,18.28,17.68,17.59,117334.35,-0.25,-1.39,17.942,17.882,17.99,189344.78,218266.18,219545.66,0.99
2015-04-29,17.3,18.0,17.93,17.18,163879.47,0.54,3.1,18.12,17.847,18.015,215435.61,226869.51,225399.48,1.38
2015-04-28,18.36,18.43,17.39,17.14,211003.52,-0.97,-5.28,18.192,17.772,18.024,235925.4,230638.74,230705.34,1.77
2015-04-27,18.46,19.19,18.36,18.34,265997.12,0.01,0.05,18.334,17.818,18.061,247939.21,233227.85,233330.05,2.23
2015-04-24,18.47,18.57,18.35,18.06,188509.42,-0.22,-1.19,18.084,17.809,18.058,240905.54,229209.96,239852.28,1.58
2015-04-23,18.25,18.79,18.57,18.2,247788.52,0.28,1.53,17.822,17.802,17.985,247187.59,228703.4,242224.45,2.08
2015-04-22,18.2,18.88,18.29,18.2,266328.44,0.19,1.05,17.574,17.76,17.902,238303.4,225335.31,238531.64,2.24
2015-04-21,17.08,18.28,18.1,17.08,271072.53,0.99,5.79,17.352,17.759,17.85,225352.08,222798.53,242027.96,2.28
2015-04-20,17.0,17.45,17.11,16.59,230828.8,0.07,0.41,17.302,17.841,17.799,218516.49,226474.47,238091.97,1.94
2015-04-17,17.43,17.57,17.04,17.0,219919.66,-0.29,-1.67,17.534,17.968,17.795,217514.37,221721.98,239644.73,1.85
2015-04-16,17.0,17.6,17.33,16.5,203367.59,0.15,0.87,17.782,18.097,17.787,210219.2,220825.14,251061.75,1.71
2015-04-15,17.85,17.86,17.18,17.03,201571.83,-0.67,-3.75,17.946,18.183,17.705,212367.22,223929.46,250476.33,1.69
2015-04-14,18.28,18.28,17.85,17.75,236894.56,-0.42,-2.3,18.166,18.276,17.622,220244.98,230771.94,249706.64,1.99
2015-04-13,18.6,18.79,18.27,18.19,225818.22,-0.01,-0.06,18.38,18.304,17.504,234432.46,233432.25,246682.7,1.9
2015-04-10,18.25,18.46,18.28,18.0,183443.8,0.13,0.72,18.402,18.306,17.345,225929.59,250494.6,239454.07,1.54
2015-04-09,18.31,18.5,18.15,17.55,214107.69,-0.13,-0.71,18.412,18.168,17.184,231431.08,255745.5,235516.75,1.8
2015-04-08,18.93,19.12,18.28,18.0,240960.62,-0.64,-3.38,18.42,18.044,17.03,235491.7,251727.97,229848.6,2.02
2015-04-07,18.38,19.3,18.92,18.37,307831.97,0.54,2.94,18.386,17.941,16.874,241298.9,261257.38,222903.38,2.59
2015-04-03,18.27,18.69,18.38,18.01,183303.88,0.05,0.27,18.228,17.757,16.688,232432.05,249709.47,212338.43,1.54
2015-04-02,18.22,18.8,18.33,18.01,210951.22,0.14,0.77,18.21,17.621,16.518,275059.62,257567.49,208410.43,1.77
2015-04-01,18.18,18.3,18.19,17.9,234410.8,0.08,0.44,17.924,17.477,16.35,280059.93,281298.36,208595.28,1.97
2015-03-31,18.16,18.59,18.11,17.94,269996.62,-0.02,-0.11,17.668,17.227,16.214,267964.25,277023.2,203467.85,2.27
2015-03-30,18.15,18.45,18.13,17.86,263497.72,-0.16,-0.88,17.496,16.968,16.088,281215.86,268641.35,199291.2,2.21
2015-03-27,16.92,18.49,18.29,16.92,396441.72,1.39,8.22,17.286,16.704,15.96,266986.89,259933.15,192795.5,3.33
2015-03-26,16.85,17.35,16.9,16.6,235952.77,-0.01,-0.06,17.032,16.384,15.821,240075.36,228413.53,178219.67,1.98
2015-03-25,17.24,17.24,16.91,16.76,173932.42,-0.34,-1.97,17.03,16.2,15.752,282536.79,215288.0,173647.99,1.46
2015-03-24,17.46,17.48,17.25,16.32,336254.69,0.17,0.99,16.786,16.016,15.698,286082.14,207969.23,173615.97,2.83
2015-03-23,17.09,17.21,17.08,16.83,192352.86,0.06,0.35,16.44,15.807,15.606,256066.84,184549.38,165929.89,1.62
2015-03-20,16.7,17.42,17.02,16.69,261884.06,0.13,0.77,16.122,15.619,15.501,252879.41,174967.4,163285.36,2.2
2015-03-19,15.7,17.26,16.89,15.65,448259.94,1.2,7.65,15.736,15.414,15.395,216751.69,159253.37,157238.58,3.77
2015-03-18,15.59,15.8,15.69,15.34,191659.16,0.17,1.09,15.37,15.223,15.288,148039.2,135892.19,142866.86,1.61
2015-03-17,15.4,15.83,15.52,15.36,186178.16,0.03,0.19,15.246,15.201,15.244,129856.32,129912.51,140421.27,1.56
2015-03-16,15.14,15.68,15.49,15.1,176415.73,0.4,2.65,15.174,15.208,15.203,113031.93,129941.05,137916.72,1.48
2015-03-13,15.0,15.23,15.09,15.0,81245.47,0.03,0.2,15.116,15.216,15.178,97055.38,125657.84,137271.75,0.68
2015-03-12,15.16,15.24,15.06,14.85,104697.47,-0.01,-0.07,15.092,15.257,15.191,101755.05,128025.82,146030.33,0.88
2015-03-11,15.2,15.26,15.07,14.95,100744.79,-0.09,-0.59,15.076,15.303,15.217,123745.18,132007.99,159094.96,0.85
2015-03-10,15.2,15.3,15.16,14.9,102056.2,-0.04,-0.26,15.156,15.38,15.233,129968.7,139262.71,170616.52,0.86
2015-03-09,14.87,15.25,15.2,14.81,96532.97,0.23,1.54,15.242,15.404,15.2,146850.18,147310.39,172997.51,0.81
2015-03-06,15.01,15.15,14.97,14.92,104743.81,-0.01,-0.07,15.316,15.383,15.158,154260.3,151603.32,175071.53,0.88
2015-03-05,15.49,15.55,14.98,14.9,214648.14,-0.49,-3.17,15.422,15.376,15.14,154296.59,155223.78,179831.6,1.8
2015-03-04,15.66,15.8,15.47,15.33,131862.36,-0.12,-0.77,15.53,15.352,15.137,140270.79,149841.53,181704.62,1.11
2015-03-03,15.58,16.16,15.59,15.55,186463.61,0.02,0.13,15.604,15.286,15.102,148556.73,150930.03,194055.81,1.57
2015-03-02,15.6,15.66,15.57,15.41,133583.58,0.07,0.45,15.566,15.198,15.07,147770.6,145892.39,210491.65,1.12
2015-02-27,15.53,15.68,15.5,15.38,104925.28,-0.02,-0.13,15.45,15.14,15.011,148946.35,148885.66,238302.42,0.88
2015-02-26,15.82,15.9,15.52,15.26,144519.12,-0.32,-2.02,15.33,15.125,14.925,156150.97,164034.84,250262.38,1.21
2015-02-25,15.36,16.1,15.84,15.35,173292.06,0.44,2.86,15.174,15.13,14.776,159412.27,186181.94,250497.63,1.46
2015-02-17,15.02,15.54,15.4,14.91,182532.97,0.41,2.73,14.968,15.086,14.614,153303.32,201970.33,251732.18,1.53
2015-02-16,14.9,15.27,14.99,14.89,139462.3,0.09,0.6,14.83,14.996,14.466,144014.17,198684.63,250929.96,1.17
2015-02-13,14.83,15.08,14.9,14.7,140948.41,0.16,1.08,14.83,14.933,14.32,148824.98,198539.73,255591.25,1.18
2015-02-12,14.9,15.1,14.74,14.6,160825.62,-0.07,-0.47,14.92,14.904,14.188,171918.71,204439.41,258694.79,1.35
2015-02-11,14.71,15.3,14.81,14.58,142747.31,0.1,0.68,15.086,14.921,14.062,212951.6,213567.71,265565.93,1.2
2015-02-10,14.82,15.12,14.71,14.53,136087.23,-0.28,-1.87,15.204,14.918,13.895,250637.34,237181.59,263133.2,1.14
2015-02-09,15.37,15.4,14.99,14.93,163516.34,-0.36,-2.35,15.162,14.941,13.726,253355.09,275090.9,259998.52,1.37
2015-02-06,15.76,16.08,15.35,15.0,256417.05,-0.22,-1.41,15.036,14.881,13.548,248254.48,327719.18,255817.43,2.15
2015-02-05,15.36,16.17,15.57,15.2,365990.06,0.17,1.1,14.888,14.725,13.348,236960.11,336489.92,248142.14,3.07
2015-02-04,14.6,15.78,15.4,14.16,331176.0,0.9,6.21,14.756,14.422,13.147,214183.82,314813.32,235212.9,2.78
2015-02-03,14.55,14.9,14.5,14.4,149676.02,0.14,0.97,14.632,14.141,12.963,223725.84,301494.02,224543.68,1.26
2015-02-02,14.36,14.83,14.36,14.31,138013.25,-0.25,-1.71,14.72,13.935,12.826,296826.71,303175.28,221809.85,1.16
2015-01-30,14.93,15.18,14.61,14.55,199945.23,-0.3,-2.01,14.726,13.706,12.696,407183.88,312642.77,220656.02,1.68
2015-01-29,14.55,15.24,14.91,14.53,252108.62,0.13,0.88,14.562,13.471,12.555,436019.72,312950.18,217239.94,2.12
2015-01-28,14.9,15.28,14.78,14.68,378886.09,-0.16,-1.07,14.088,13.202,12.382,415442.81,317564.15,210973.82,3.18
2015-01-27,14.62,15.58,14.94,14.18,515180.38,0.55,3.82,13.65,12.872,12.214,379262.2,289084.82,197812.54,4.33
2015-01-26,14.0,14.85,14.39,13.9,689799.06,0.6,4.35,13.15,12.511,12.053,309523.84,244906.14,176821.86,5.8
2015-01-23,12.6,13.79,13.79,12.4,344124.44,1.25,9.97,12.686,12.214,11.931,218101.66,183915.69,150956.66,2.89
2015-01-22,12.59,12.67,12.54,12.37,149224.09,-0.05,-0.4,12.38,11.97,11.835,189880.63,159794.36,142448.61,1.25
2015-01-21,12.46,12.85,12.59,12.46,197983.05,0.15,1.21,12.316,11.872,11.768,219685.48,155612.48,140124.58,1.66
2015-01-20,12.29,12.58,12.44,12.1,166488.56,0.37,3.06,12.094,11.784,11.7,198907.43,147593.34,138294.45,1.4
2015-01-19,12.15,12.7,12.07,11.72,232688.17,-0.19,-1.55,11.872,11.717,11.662,180288.45,140444.42,135567.37,1.95
2015-01-16,12.3,12.39,12.26,12.03,203019.3,0.04,0.33,11.742,11.685,11.651,149729.71,128669.27,130543.57,1.71
2015-01-15,11.49,12.4,12.22,11.48,298248.34,0.74,6.45,11.56,11.639,11.643,129708.09,121529.7,130990.33,2.51
2015-01-14,11.65,11.7,11.48,11.4,94092.78,0.15,1.32,11.428,11.561,11.631,91539.48,104383.49,124035.83,0.79
2015-01-13,11.4,11.47,11.33,11.32,73393.64,-0.09,-0.79,11.474,11.555,11.673,96279.26,106540.25,124995.2,0.62
2015-01-12,11.37,11.46,11.42,11.22,79894.49,0.07,0.62,11.562,11.594,11.724,100600.39,108737.58,129807.26,0.67
2015-01-09,11.51,11.76,11.35,11.32,102911.2,-0.21,-1.82,11.628,11.648,11.767,107608.84,117997.63,134129.95,0.86
2015-01-08,11.72,11.82,11.56,11.54,107405.28,-0.15,-1.28,11.718,11.699,11.798,113351.32,125102.87,136161.38,0.9
2015-01-07,11.76,11.96,11.71,11.57,117791.67,-0.06,-0.51,11.694,11.664,11.805,117227.5,124636.68,140045.11,0.99
2015-01-06,11.73,11.85,11.77,11.57,94999.3,0.02,0.17,11.636,11.616,11.798,116801.25,128995.55,142560.75,0.8
2015-01-05,11.8,11.9,11.75,11.5,114936.74,-0.05,-0.42,11.626,11.606,11.794,116874.76,130690.33,150783.32,0.97
2014-12-31,11.46,11.85,11.8,11.33,131623.59,0.36,3.15,11.668,11.616,11.823,128386.43,132417.87,154496.21,1.11
2014-12-30,11.41,11.63,11.44,11.18,126786.19,0.02,0.17,11.68,11.646,11.846,136854.42,140450.96,156149.65,1.07
2014-12-29,11.72,11.85,11.42,11.33,115660.44,-0.3,-2.56,11.634,11.701,11.889,132045.87,143688.18,154923.34,0.97
2014-12-26,11.95,12.06,11.72,11.69,95366.86,-0.24,-2.01,11.596,11.791,11.932,141189.84,143450.15,156355.03,0.8
2014-12-25,11.66,12.35,11.96,11.66,172495.08,0.1,0.84,11.586,11.853,11.978,144505.89,150876.94,158089.35,1.45
2014-12-24,11.21,11.88,11.86,11.15,173963.52,0.65,5.8,11.564,11.885,12.01,136449.3,150262.26,158658.35,1.46
2014-12-23,11.23,11.41,11.21,11.1,102743.45,-0.02,-0.18,11.612,11.897,12.04,144047.51,147219.89,154341.32,0.86
2014-12-22,11.67,11.9,11.23,11.01,161380.31,-0.44,-3.77,11.768,11.946,12.108,155330.48,155453.53,158194.24,1.36
2014-12-19,11.85,11.98,11.67,11.48,111947.07,-0.18,-1.52,11.986,11.979,12.158,145710.45,156125.96,156829.08,0.94
2014-12-18,12.05,12.12,11.85,11.79,132212.16,-0.25,-2.07,12.12,11.982,12.186,157248.0,170876.31,156716.95,1.11
2014-12-17,11.93,12.1,12.1,11.38,211954.55,0.11,0.92,12.206,12.03,12.202,164075.21,176574.55,154025.74,1.78
2014-12-16,12.32,12.35,11.99,11.8,159158.33,-0.33,-2.68,12.182,12.045,12.212,150392.27,171848.33,146933.13,1.34
2014-12-15,12.31,12.45,12.32,12.15,113280.14,-0.02,-0.16,12.124,12.077,12.222,155576.57,166158.49,143242.31,0.95
2014-12-12,12.28,12.43,12.34,12.22,169634.83,0.06,0.49,11.972,12.073,12.223,166541.47,169259.9,141625.59,1.43
2014-12-11,11.97,12.35,12.28,11.93,166348.22,0.3,2.5,11.844,12.103,12.213,184504.61,165301.76,136704.83,1.4
2014-12-10,11.67,12.0,11.98,11.5,143539.84,0.28,2.39,11.854,12.135,12.214,189073.88,167054.44,132917.09,1.21
2014-12-09,11.56,11.9,11.7,11.51,185079.81,0.14,1.21,11.908,12.183,12.235,193304.39,161462.75,130114.63,1.55
2014-12-08,11.71,11.71,11.56,11.38,168104.66,-0.14,-1.2,12.03,12.269,12.263,176740.42,160934.95,129523.09,1.41
2014-12-05,12.23,12.28,11.7,11.49,259450.53,-0.63,-5.11,12.174,12.336,12.324,171978.34,157532.19,127076.48,2.18
2014-12-04,12.25,12.36,12.33,12.16,189194.56,0.08,0.65,12.362,12.39,12.381,146098.92,142557.6,123504.9,1.59
2014-12-03,12.32,12.4,12.25,12.09,164692.41,-0.06,-0.49,12.416,12.373,12.409,145034.99,131476.94,123860.2,1.38
2014-12-02,12.23,12.45,12.31,12.21,102259.95,0.03,0.24,12.458,12.378,12.443,129621.11,122017.92,130286.54,0.86
2014-12-01,12.63,12.64,12.28,12.18,144294.23,-0.36,-2.85,12.508,12.366,12.464,145129.48,120326.12,141326.35,1.21
2014-11-28,12.6,12.67,12.64,12.43,130053.43,0.04,0.32,12.498,12.373,12.47,143086.05,113991.28,143528.12,1.09
2014-11-27,12.46,12.9,12.6,12.46,183874.94,0.14,1.12,12.418,12.322,12.447,139016.29,108107.89,143444.09,1.54
2014-11-26,12.57,12.64,12.46,12.35,87622.98,-0.1,-0.8,12.33,12.293,12.422,117918.88,98779.74,139896.88,0.74
2014-11-25,12.26,12.74,12.56,12.15,179801.84,0.33,2.7,12.298,12.287,12.406,114414.73,98766.52,143277.15,1.51
2014-11-24,12.33,12.42,12.23,12.18,134077.05,-0.01,-0.08,12.224,12.257,12.381,95522.75,98111.22,139308.54,1.13
2014-11-21,12.14,12.24,12.24,12.05,109704.62,0.08,0.66,12.248,12.311,12.363,84896.51,96620.77,135378.71,0.99
2014-11-20,12.19,12.37,12.16,12.1,78387.91,-0.14,-1.14,12.226,12.371,12.341,77199.5,104452.2,133007.39,0.71
2014-11-19,12.17,12.32,12.3,12.09,70102.22,0.11,0.9,12.256,12.444,12.319,79640.6,116243.47,134272.06,0.63
2014-11-18,12.34,12.44,12.19,12.1,85341.97,-0.16,-1.3,12.276,12.507,12.301,83118.31,138555.16,137021.5,0.77
2014-11-17,12.18,12.52,12.35,12.14,80945.83,0.22,1.81,12.29,12.561,12.302,100699.68,162326.59,141801.4,0.73
2014-11-14,12.29,12.29,12.13,12.04,71219.58,-0.18,-1.46,12.374,12.566,12.308,108345.03,173064.96,147592.17,0.64
2014-11-13,12.54,12.54,12.31,12.21,90593.38,-0.09,-0.73,12.516,12.572,12.308,131704.9,178780.29,151397.07,0.82
2014-11-12,12.29,12.46,12.4,12.25,87490.77,0.14,1.14,12.632,12.55,12.308,152846.34,181014.02,155600.56,0.79
2014-11-11,12.78,12.85,12.26,12.18,173248.84,-0.51,-3.99,12.738,12.524,12.293,193992.02,187787.78,155325.8,1.57
2014-11-10,12.85,12.95,12.77,12.63,119172.6,-0.07,-0.55,12.832,12.505,12.284,223953.5,180505.86,151829.71,1.08
2014-11-07,12.95,13.2,12.84,12.78,188018.89,-0.05,-0.39,12.758,12.415,12.254,237784.89,174136.64,152050.33,1.7
2014-11-06,12.93,13.2,12.89,12.77,196300.59,-0.04,-0.31,12.628,12.311,12.229,225855.69,161562.57,150428.94,1.77
2014-11-05,12.74,13.09,12.93,12.52,293219.16,0.2,1.57,12.468,12.194,12.203,209181.7,152300.66,151974.75,2.65
2014-11-04,12.42,12.76,12.73,12.26,323056.25,0.33,2.66,12.31,12.095,12.171,181583.54,135487.84,154336.37,2.92
2014-11-03,12.2,12.47,12.4,12.2,188329.55,0.21,1.72,12.178,12.043,12.116,137058.22,121276.22,144498.79,1.7
2014-10-31,12.06,12.24,12.19,12.06,128372.88,0.1,0.83,12.072,12.049,12.082,110488.4,122119.39,139643.61,1.16
2014-10-30,12.18,12.3,12.09,12.03,112930.65,-0.05,-0.41,11.994,12.044,12.058,97269.46,124013.84,137244.46,1.02
2014-10-29,12.11,12.16,12.14,12.02,155228.38,0.07,0.58,11.92,12.066,12.035,95419.62,130187.1,138244.14,1.4
2014-10-28,11.83,12.1,12.07,11.83,100429.64,0.2,1.69,11.88,12.062,12.015,89392.13,122863.82,134850.17,0.91
2014-10-27,11.76,11.94,11.87,11.73,55480.43,0.07,0.59,11.908,12.063,11.99,105494.21,123153.56,133788.59,0.5
2014-10-24,11.72,11.96,11.8,11.7,62278.22,0.08,0.68,12.026,12.092,11.972,133750.37,129964.01,136342.65,0.56
2014-10-23,11.93,11.98,11.72,11.65,103681.44,-0.22,-1.84,12.094,12.147,11.973,150758.22,139295.31,138104.99,0.94
2014-10-22,12.13,12.3,11.94,11.93,125090.92,-0.27,-2.21,12.212,12.212,11.97,164954.57,151648.85,136938.92,1.13
2014-10-21,12.55,12.69,12.21,12.19,180940.06,-0.25,-2.01,12.244,12.246,11.956,156335.51,173184.9,136333.04,1.64
2014-10-20,12.14,12.49,12.46,12.02,196761.23,0.32,2.64,12.218,12.188,11.931,140812.91,167721.35,136340.04,1.78
2014-10-17,12.3,12.32,12.14,11.8,147317.44,-0.17,-1.38,12.158,12.114,11.919,126177.65,157167.84,133457.06,1.33
2014-10-16,12.08,12.43,12.31,12.05,174663.19,0.21,1.74,12.2,12.071,11.922,127832.41,150475.08,133877.03,1.58
2014-10-15,12.11,12.19,12.1,11.98,81995.63,0.02,0.17,12.212,12.004,11.903,138343.13,146301.19,133233.64,0.74
2014-10-14,12.22,12.22,12.08,11.96,103327.07,-0.08,-0.66,12.248,11.967,11.899,190034.28,146836.52,138541.5,0.93
2014-10-13,12.33,12.37,12.16,12.09,123584.94,-0.19,-1.54,12.158,11.917,11.902,194629.8,144423.63,147739.91,1.12
2014-10-10,12.33,12.46,12.35,12.19,155591.2,-0.02,-0.16,12.07,11.851,11.902,188158.03,142721.28,164625.86,1.41
2014-10-09,12.33,12.6,12.37,12.1,227216.8,0.09,0.73,11.942,11.798,11.892,173117.76,136914.67,176240.88,2.05
2014-10-08,11.63,12.4,12.28,11.63,340451.41,0.65,5.59,11.796,11.728,11.853,154259.24,122229.0,172587.96,3.08
2014-09-30,11.75,11.79,11.63,11.58,126304.63,-0.09,-0.77,11.686,11.665,11.817,103638.76,99481.18,162893.06,1.14
2014-09-29,11.68,11.78,11.72,11.67,91226.1,0.01,0.09,11.676,11.673,11.797,94217.46,104958.73,161010.88,0.82
2014-09-26,11.6,11.77,11.71,11.58,80389.85,0.07,0.6,11.632,11.724,11.761,97284.54,109746.28,159640.12,0.73
2014-09-25,11.8,11.87,11.64,11.6,132924.22,-0.09,-0.77,11.654,11.772,11.722,100711.58,117278.98,161246.37,1.2
2014-09-24,11.6,11.85,11.73,11.53,87348.99,0.15,1.29,11.66,11.801,11.704,90198.76,120166.09,157962.56,0.79
2014-09-23,11.48,11.67,11.58,11.45,79198.12,0.08,0.7,11.644,11.83,11.681,95323.6,130246.47,159094.54,0.72
2014-09-22,11.88,11.88,11.5,11.47,106561.51,-0.32,-2.71,11.67,11.887,11.678,115700.0,151056.2,159709.81,0.96
2014-09-19,11.67,11.89,11.82,11.63,97525.04,0.15,1.28,11.816,11.953,11.681,122208.02,186530.43,159226.38,0.88
2014-09-18,11.71,11.75,11.67,11.56,80360.15,0.02,0.17,11.89,11.986,11.665,133846.37,215567.1,160191.82,0.73
2014-09-17,11.67,11.83,11.65,11.5,112973.17,-0.06,-0.51,11.942,11.977,11.663,150133.42,222946.93,162534.11,1.02
2014-09-16,12.23,12.29,11.71,11.69,181080.12,-0.52,-4.25,12.016,11.969,11.667,165169.35,226304.94,164423.93,1.64
2014-09-15,12.19,12.3,12.23,12.12,139101.62,0.04,0.33,12.104,11.921,11.679,186412.41,217063.03,167215.81,1.26
2014-09-12,11.92,12.3,12.19,11.9,155716.81,0.26,2.18,12.09,11.797,11.653,250852.84,209533.96,172815.08,1.41
2014-09-11,12.04,12.13,11.93,11.92,161795.38,-0.09,-0.75,12.082,11.672,11.613,297287.82,205213.77,172328.5,1.46
2014-09-10,12.15,12.16,12.02,11.88,188152.8,-0.13,-1.07,12.012,11.607,11.584,295760.44,195759.04,169436.89,1.7
2014-09-09,12.11,12.78,12.15,12.0,287295.44,-0.01,-0.08,11.922,11.531,11.554,287440.54,187942.61,166895.84,2.6
2014-09-05,12.15,12.45,12.16,11.89,461303.75,0.01,0.08,11.738,11.468,11.524,247713.65,168363.41,159207.05,4.17
2014-09-04,11.6,12.57,12.15,11.49,387891.75,0.57,4.92,11.504,11.409,11.495,168215.08,131922.32,142566.6,3.51
2014-09-03,11.59,11.68,11.58,11.47,154158.44,0.01,0.09,11.262,11.343,11.463,113139.72,104816.54,130769.88,1.39
2014-09-02,11.29,11.58,11.57,11.2,146553.33,0.34,3.03,11.202,11.349,11.466,95757.64,102121.29,135535.27,1.32
2014-09-01,10.95,11.3,11.23,10.89,88661.0,0.24,2.18,11.14,11.365,11.476,88444.68,102542.92,150991.98,0.8
2014-08-29,10.98,11.05,10.99,10.86,63810.88,0.05,0.46,11.198,11.436,11.465,89013.17,117368.6,154881.48,0.58
2014-08-28,11.4,11.4,10.94,10.92,112514.97,-0.34,-3.01,11.314,11.509,11.455,95629.57,136096.19,165062.89,1.02
2014-08-27,11.25,11.45,11.28,11.18,67248.02,0.02,0.18,11.424,11.553,11.442,96493.35,139443.22,165092.28,0.61
2014-08-26,11.5,11.56,11.26,11.15,109988.55,-0.26,-2.26,11.496,11.561,11.412,108484.94,143114.75,166571.23,0.99
2014-08-25,11.6,11.63,11.52,11.42,91503.43,-0.05,-0.43,11.59,11.577,11.384,116641.16,145849.06,167193.38,0.83
2014-08-22,11.52,11.63,11.57,11.44,96892.86,0.08,0.7,11.674,11.58,11.343,145724.02,150050.68,170540.27,0.88
2014-08-21,11.61,11.73,11.49,11.4,116833.87,-0.15,-1.29,11.704,11.58,11.284,176562.82,153210.89,168445.33,1.06
2014-08-20,11.7,11.87,11.64,11.6,127206.01,-0.09,-0.77,11.682,11.582,11.228,182393.1,156723.23,166509.19,1.15
2014-08-19,12.02,12.08,11.73,11.7,150769.61,-0.21,-1.76,11.626,11.583,11.172,177744.55,168949.24,165283.32,1.36
2014-08-18,11.79,12.09,11.94,11.69,236917.75,0.22,1.88,11.564,11.587,11.109,175056.97,199441.03,162378.55,2.14
2014-08-15,11.38,11.91,11.72,11.36,251086.86,0.34,2.99,11.486,11.493,11.02,154377.34,192394.36,154649.8,2.27
2014-08-14,11.33,11.65,11.38,11.31,145985.28,0.02,0.18,11.456,11.4,10.959,129858.95,194029.59,145295.92,1.32
2014-08-13,11.42,11.48,11.36,11.3,103963.23,-0.06,-0.53,11.482,11.33,10.919,131053.35,190741.33,142797.88,0.94
2014-08-12,11.55,11.56,11.42,11.28,137331.73,-0.13,-1.13,11.54,11.262,10.878,160153.94,190027.71,143351.91,1.24
2014-08-11,11.58,11.73,11.55,11.31,133519.61,0.02,0.17,11.61,11.191,10.841,223825.09,188537.69,145783.61,1.21
2014-08-08,11.55,11.8,11.57,11.55,128494.9,0.06,0.52,11.5,11.105,10.78,230411.37,191029.86,142587.17,1.16
2014-08-07,11.55,11.74,11.51,11.44,151957.27,-0.14,-1.2,11.344,10.987,10.72,258200.23,183679.77,139675.83,1.37
2014-08-06,11.58,11.85,11.65,11.49,249466.2,-0.12,-1.02,11.178,10.873,10.662,250429.31,176295.16,135229.45,2.26
2014-08-05,11.13,12.1,11.77,10.9,455687.47,0.77,7.0,10.984,10.76,10.596,219901.48,161617.39,126322.97,4.12
2014-08-04,10.77,11.05,11.0,10.77,166451.02,0.21,1.95,10.772,10.631,10.529,153250.29,125316.08,107359.69,1.5
2014-08-01,10.71,11.15,10.79,10.69,267439.19,0.11,1.03,10.71,10.547,10.501,151648.34,116905.24,104313.45,2.42
2014-07-31,10.66,10.75,10.68,10.58,113102.68,0.0,0.0,10.63,10.518,10.492,109159.3,96562.26,100652.16,1.02
2014-07-30,10.72,10.77,10.68,10.56,96827.03,-0.03,-0.28,10.568,10.507,10.476,102161.0,94854.44,99824.33,0.88
2014-07-29,10.62,10.78,10.71,10.6,122431.52,0.02,0.19,10.536,10.494,10.455,103333.3,96676.1,99252.88,1.11
2014-07-28,10.37,10.78,10.69,10.34,158441.3,0.3,2.89,10.49,10.49,10.429,97381.87,103029.53,97461.72,1.43
2014-07-25,10.3,10.45,10.39,10.3,54993.98,0.02,0.19,10.384,10.455,10.405,82162.13,94144.49,95072.97,0.5
2014-07-24,10.44,10.56,10.37,10.33,78111.18,-0.15,-1.43,10.406,10.452,10.403,83965.21,95671.89,100371.64,0.71
2014-07-23,10.48,10.63,10.52,10.31,102688.52,0.04,0.38,10.446,10.45,10.383,87547.87,94163.75,101348.24,0.93
2014-07-22,10.17,10.52,10.48,10.17,92674.36,0.32,3.15,10.452,10.431,10.358,90018.91,91028.55,99267.09,0.84
2014-07-21,10.49,10.55,10.16,10.12,82342.59,-0.34,-3.24,10.49,10.426,10.339,108677.19,89403.29,98349.43,0.74
2014-07-18,10.57,10.68,10.5,10.49,64009.4,-0.07,-0.66,10.526,10.454,10.337,106126.86,91721.67,99344.86,0.58
2014-07-17,10.58,10.64,10.57,10.46,96024.49,0.02,0.19,10.498,10.466,10.318,107378.58,104742.07,103701.61,0.87
2014-07-16,10.5,10.78,10.55,10.45,115043.69,-0.12,-1.12,10.454,10.445,10.308,100779.63,104794.22,115135.78,1.04
2014-07-15,10.34,10.84,10.67,10.34,185965.77,0.33,3.19,10.41,10.415,10.289,92038.2,101829.66,115580.04,1.68
2014-07-14,10.34,10.41,10.34,10.26,69590.94,-0.02,-0.19,10.362,10.367,10.269,70129.4,91893.91,116394.0,0.63
2014-07-11,10.35,10.44,10.36,10.21,70268.0,0.01,0.1,10.382,10.354,10.263,77316.48,96001.44,129565.89,0.64
2014-07-10,10.33,10.44,10.35,10.31,63029.74,0.02,0.19,10.434,10.353,10.23,102105.57,105071.38,139843.22,0.57
2014-07-09,10.41,10.51,10.33,10.3,71336.55,-0.1,-0.96,10.436,10.315,10.162,108808.82,108532.73,139544.98,0.64
2014-07-08,10.44,10.61,10.43,10.4,76421.76,-0.01,-0.1,10.42,10.284,10.091,111621.11,107505.62,140699.45,0.69
2014-07-07,10.65,10.7,10.44,10.35,105526.35,-0.18,-1.7,10.372,10.252,10.025,113658.42,107295.56,141701.37,0.95
2014-07-04,10.36,11.0,10.62,10.35,194213.44,0.26,2.51,10.326,10.219,9.969,114686.41,106968.04,138689.12,1.76
2014-07-03,10.25,10.41,10.36,10.18,96546.0,0.11,1.07,10.272,10.169,9.902,108037.18,102661.14,132387.86,0.87
2014-07-02,10.18,10.29,10.25,10.14,85398.02,0.06,0.59,10.194,10.17,9.858,108256.63,125477.33,130563.89,0.77
2014-07-01,10.22,10.35,10.19,10.04,86608.27,-0.02,-0.2,10.148,10.163,9.815,103390.13,129330.42,128882.48,0.78
2014-06-30,10.33,10.44,10.21,10.14,110666.3,-0.14,-1.35,10.132,10.17,9.778,100932.7,140894.09,129269.28,1.0
2014-06-27,9.98,10.52,10.35,9.91,160967.33,0.38,3.81,10.112,10.172,9.74,99249.68,163130.35,131081.07,1.46
2014-06-26,10.1,10.11,9.97,9.92,97643.24,-0.05,-0.5,10.066,10.107,9.699,97285.1,174615.07,130568.7,0.88
2014-06-25,10.11,10.22,10.02,10.01,61065.49,-0.09,-0.89,10.146,10.008,9.69,142698.03,170557.24,128199.5,0.55
2014-06-24,10.13,10.22,10.11,9.99,74321.13,0.0,0.0,10.178,9.897,9.679,155270.72,173893.28,129976.53,0.67
2014-06-23,10.17,10.24,10.11,9.88,102251.21,-0.01,-0.1,10.208,9.797,9.658,180855.49,176107.19,130237.47,0.92
2014-06-20,10.35,10.65,10.12,9.99,151144.45,-0.25,-2.41,10.232,9.719,9.627,227011.01,170410.19,127178.54,1.37
2014-06-19,10.19,11.19,10.37,10.01,324707.88,0.19,1.87,10.148,9.634,9.595,251945.03,162114.59,122265.41,2.94
2014-06-11,10.19,10.29,10.18,10.09,123928.91,-0.08,-0.78,9.87,9.545,9.557,198416.45,135650.44,108149.89,1.12
2014-06-10,10.11,10.39,10.26,10.0,202244.98,0.03,0.29,9.616,9.467,9.525,192515.84,128434.54,104615.35,1.83
2014-06-09,9.63,10.48,10.23,9.54,333028.84,0.53,5.46,9.386,9.385,9.493,171358.88,117644.47,97210.57,3.01
2014-06-06,9.01,9.88,9.7,8.9,275814.53,0.72,8.02,9.206,9.307,9.446,113809.37,99031.8,83156.3,2.49
2014-06-05,8.9,9.0,8.98,8.85,57064.98,0.07,0.79,9.12,9.29,9.438,72284.14,86522.33,72010.15,0.52
2014-06-04,9.13,9.18,8.91,8.73,94425.88,-0.2,-2.19,9.22,9.372,9.468,72884.44,85841.76,71075.11,0.85
2014-06-03,9.32,9.39,9.11,9.08,96460.19,-0.22,-2.36,9.318,9.46,9.512,64353.23,86059.79,68965.79,0.87
2014-05-30,9.32,9.43,9.33,9.29,45281.27,0.06,0.65,9.384,9.518,9.543,63930.06,84367.76,66645.78,0.41
2014-05-29,9.48,9.48,9.27,9.27,68188.39,-0.21,-2.21,9.408,9.535,9.554,84254.22,83946.89,67133.96,0.62
2014-05-28,9.45,9.49,9.48,9.37,60066.46,0.08,0.85,9.46,9.555,9.569,100760.52,82416.24,67350.32,0.54
2014-05-27,9.43,9.49,9.4,9.36,51769.86,-0.04,-0.42,9.524,9.568,9.568,98799.08,80649.34,67807.58,0.47
2014-05-26,9.41,9.53,9.44,9.3,94344.3,-0.01,-0.11,9.602,9.583,9.595,107766.34,80796.17,69473.12,0.85
2014-05-23,9.43,9.53,9.45,9.22,146902.09,-0.08,-0.84,9.652,9.6,9.613,104805.47,76776.67,70238.26,1.33
2014-05-22,9.79,9.82,9.53,9.4,150719.88,-0.27,-2.75,9.662,9.585,9.645,83639.55,67280.8,66958.0,1.36
2014-05-21,9.78,9.85,9.8,9.61,50259.27,0.01,0.1,9.65,9.585,9.683,64071.96,57497.97,63523.78,0.45
2014-05-20,9.67,9.92,9.79,9.6,96606.14,0.1,1.03,9.612,9.564,9.717,62499.59,56308.47,67039.24,0.87
2014-05-19,9.45,9.71,9.69,9.36,79539.95,0.19,2.0,9.564,9.564,9.746,53826.0,51871.8,64860.42,0.72
2014-05-16,9.48,9.59,9.5,9.43,41072.53,0.03,0.32,9.548,9.567,9.779,48747.88,48923.81,66797.89,0.37
2014-05-15,9.55,9.62,9.47,9.45,52881.92,-0.14,-1.46,9.508,9.573,9.833,50922.05,50321.04,72862.33,0.48
2014-05-14,9.51,9.69,9.61,9.51,42397.42,0.06,0.63,9.52,9.582,9.878,50923.99,52284.4,74475.95,0.38
2014-05-13,9.62,9.75,9.55,9.5,53238.19,-0.06,-0.62,9.516,9.568,9.914,50117.34,54965.83,76108.49,0.48
2014-05-12,9.47,9.62,9.61,9.33,54149.33,0.25,2.67,9.564,9.606,9.95,49917.6,58150.07,76842.31,0.49
2014-05-09,9.52,9.59,9.3,9.2,51943.37,-0.23,-2.41,9.586,9.625,9.989,49099.73,63699.86,79914.54,0.47
2014-05-08,9.6,9.7,9.53,9.41,52891.62,-0.06,-0.63,9.638,9.704,10.045,49720.02,66635.2,81622.4,0.48
2014-05-07,9.76,9.84,9.59,9.59,38364.18,-0.2,-2.04,9.644,9.781,10.088,53644.82,69549.58,83881.25,0.35
2014-05-06,9.72,9.96,9.79,9.7,52239.5,0.07,0.72,9.62,9.869,10.126,59814.32,77770.01,88637.3,0.47
2014-05-05,9.59,9.73,9.72,9.54,50059.99,0.16,1.67,9.648,9.927,10.16,66382.53,77849.04,97990.61,0.45
2014-04-30,9.59,9.65,9.56,9.5,55044.83,0.0,0.0,9.664,9.99,10.181,78299.98,84671.98,103761.93,0.5
2014-04-29,9.45,9.63,9.56,9.27,72515.58,0.09,0.95,9.77,10.092,10.192,83550.38,95403.62,103453.02,0.66
2014-04-28,9.98,10.02,9.47,9.44,69211.68,-0.46,-4.63,9.918,10.174,10.199,85454.35,96667.49,102340.43,0.63
2014-04-25,9.88,10.13,9.93,9.82,85080.59,0.13,1.33,10.118,10.259,10.211,95725.7,97251.16,102413.5,0.77
2014-04-24,10.08,10.13,9.8,9.75,109647.21,-0.29,-2.87,10.206,10.294,10.205,89315.55,95534.56,103454.2,0.99
2014-04-23,10.3,10.41,10.09,10.07,81296.83,-0.21,-2.04,10.316,10.352,10.225,91043.99,96129.23,104987.72,0.73
2014-04-22,10.35,10.55,10.3,10.21,82035.46,-0.17,-1.62,10.414,10.386,10.24,107256.86,96609.6,107078.69,0.74
2014-04-21,10.27,10.54,10.47,10.25,120568.41,0.1,0.96,10.43,10.395,10.226,107880.63,98212.92,107719.74,1.09
2014-04-18,10.34,10.51,10.37,10.25,53029.82,0.02,0.19,10.4,10.383,10.199,98776.62,99504.59,108145.98,0.48
2014-04-17,10.49,10.69,10.35,10.33,118289.41,-0.23,-2.17,10.382,10.392,10.168,101753.58,118132.17,110302.18,1.07
2014-04-16,10.32,10.85,10.58,10.24,162361.2,0.2,1.93,10.388,10.372,10.154,101214.47,122851.88,108574.6,1.47
2014-04-15,10.3,10.48,10.38,10.28,85154.29,0.06,0.58,10.358,10.292,10.135,85962.33,111502.42,106564.08,0.77
2014-04-14,10.27,10.47,10.32,10.13,75048.4,0.04,0.39,10.36,10.224,10.119,88545.22,108013.36,106455.36,0.68
2014-04-11,10.37,10.37,10.28,10.2,67914.58,-0.1,-0.96,10.366,10.162,10.098,100232.55,107575.83,106687.29,0.61
2014-04-10,10.47,10.6,10.38,10.35,115593.9,-0.05,-0.48,10.402,10.115,10.088,134510.77,111373.85,107631.94,1.04
2014-04-09,10.35,10.53,10.43,10.35,86100.48,0.04,0.39,10.356,10.097,10.073,144489.28,113846.22,109200.06,0.78
2014-04-08,10.34,10.5,10.39,10.2,98068.72,0.04,0.39,10.226,10.094,10.044,137042.51,117547.79,109508.97,0.89
2014-04-04,10.46,10.61,10.35,10.26,133485.05,-0.11,-1.05,10.088,10.057,10.013,127481.5,117226.55,110485.73,1.21
2014-04-03,10.14,10.55,10.46,10.1,239305.69,0.31,3.05,9.958,10.014,10.001,114919.12,116787.37,108836.62,2.16
2014-04-02,9.78,10.36,10.15,9.75,165486.48,0.37,3.78,9.828,9.944,9.986,88236.92,102472.19,107275.85,1.5
2014-04-01,9.69,9.82,9.78,9.65,48866.6,0.08,0.82,9.838,9.935,9.997,83203.15,94297.32,106169.94,0.44
2014-03-31,9.65,9.78,9.7,9.55,50263.7,0.0,0.0,9.962,9.978,10.036,98053.08,101625.73,109959.08,0.45
2014-03-28,9.83,9.95,9.7,9.63,70673.11,-0.11,-1.12,10.026,10.013,10.072,106971.6,104897.36,112746.96,0.64
2014-03-27,10.16,10.16,9.81,9.78,105894.73,-0.39,-3.82,10.07,10.034,10.104,118655.62,105798.76,114613.02,0.96
2014-03-26,10.3,10.31,10.2,10.1,140317.62,-0.2,-1.92,10.06,10.061,10.126,116707.46,103890.04,119283.35,1.27
2014-03-25,10.02,10.42,10.4,9.95,123116.22,0.38,3.79,10.032,10.049,10.144,105391.48,104553.91,122311.02,1.11
2014-03-24,9.93,10.08,10.02,9.89,94856.34,0.1,1.01,9.994,9.994,10.144,105198.39,101470.16,130161.43,0.86
2014-03-21,9.74,9.96,9.92,9.38,129093.19,0.16,1.64,10.0,9.969,10.202,102823.11,103744.91,136332.05,1.17
2014-03-20,10.09,10.12,9.76,9.73,96153.94,-0.3,-2.98,9.998,9.988,10.287,92941.9,100885.86,138909.01,0.87
2014-03-19,10.21,10.22,10.06,9.99,83737.72,-0.15,-1.47,10.062,10.027,10.39,91072.61,112079.51,148048.12,0.76
2014-03-18,10.1,10.26,10.21,10.03,122150.78,0.16,1.59,10.066,10.058,10.498,103716.33,118042.55,166027.4,1.1
2014-03-17,9.91,10.07,10.05,9.91,82979.91,0.14,1.41,9.994,10.093,10.588,97741.92,118292.43,173246.75,0.75
2014-03-14,10.03,10.08,9.91,9.79,79687.13,-0.17,-1.69,9.938,10.131,10.692,104666.71,120596.57,184522.5,0.72
2014-03-13,10.01,10.13,10.08,9.98,86807.5,0.0,0.0,9.978,10.173,10.775,108829.83,123427.29,192228.94,0.78
2014-03-12,9.89,10.33,10.08,9.89,146956.34,0.23,2.33,9.992,10.19,10.856,133086.4,134676.67,199448.52,1.33
2014-03-11,9.63,9.95,9.85,9.63,92278.71,0.08,0.82,10.05,10.238,10.961,132368.78,140068.13,203256.1,0.83
2014-03-10,10.09,10.09,9.77,9.75,117603.86,-0.34,-3.36,10.192,10.293,11.071,138842.94,158852.7,214362.93,1.06
2014-03-07,10.13,10.29,10.11,10.08,100502.75,-0.04,-0.39,10.324,10.434,11.202,136526.43,168919.19,222787.37,0.91
2014-03-06,10.2,10.38,10.15,9.98,208090.36,-0.22,-2.12,10.368,10.586,11.308,138024.74,176932.16,226976.62,1.88
2014-03-05,10.65,10.69,10.37,10.36,143368.2,-0.19,-1.8,10.388,10.752,11.402,136266.93,184016.74,227011.61,1.3
2014-03-04,10.42,10.57,10.56,10.27,124649.53,0.13,1.25,10.426,10.938,11.504,147767.49,214012.25,236829.48,1.13
2014-03-03,10.31,10.47,10.43,10.22,106021.33,0.1,0.97,10.394,11.082,11.568,178862.45,228201.07,240097.66,0.96
2014-02-28,10.09,10.38,10.33,10.05,107994.27,0.08,0.78,10.544,11.252,11.639,201311.95,248448.43,250383.29,0.98
2014-02-27,10.51,10.59,10.25,10.15,199301.34,-0.31,-2.94,10.804,11.377,11.744,215839.59,261030.6,262984.16,1.8
2014-02-26,10.3,10.75,10.56,9.88,200870.98,0.16,1.54,11.116,11.522,11.86,231766.55,264220.37,276690.06,1.82
2014-02-25,11.18,11.31,10.4,10.11,280124.34,-0.78,-6.98,11.45,11.683,11.945,280257.02,266444.06,290115.0,2.53
2014-02-24,11.48,11.62,11.18,11.1,218268.8,-0.45,-3.87,11.77,11.849,12.021,277539.69,269873.15,296518.72,1.97
2014-02-21,11.79,11.93,11.63,11.51,180632.48,-0.18,-1.52,11.96,11.97,12.035,295584.91,276655.55,295808.37,1.63
2014-02-20,12.23,12.29,11.81,11.76,278936.16,-0.42,-3.43,11.95,12.029,12.015,306221.62,277021.07,300125.89,2.52
2014-02-19,12.04,12.4,12.23,11.62,443323.31,0.23,1.92,11.928,12.052,11.997,296674.18,270006.47,307890.45,4.01
2014-02-18,12.14,12.35,12.0,11.9,266537.72,-0.13,-1.07,11.916,12.069,11.928,252631.11,259646.71,293910.3,2.41
2014-02-17,11.55,12.19,12.13,11.54,308494.88,0.55,4.75,11.928,12.053,11.876,262206.61,251994.26,290837.01,2.79
2014-02-14,11.57,11.76,11.58,11.41,233816.02,-0.12,-1.03,11.98,12.026,11.81,257726.19,252318.15,285886.67,2.11
2014-02-13,12.17,12.17,11.7,11.6,231198.98,-0.47,-3.86,12.108,12.11,11.785,247820.52,264937.72,289380.78,2.09
2014-02-12,12.06,12.32,12.17,11.85,223107.94,0.11,0.91,12.176,12.197,11.745,243338.76,289159.75,296466.39,2.02
2014-02-11,12.43,12.54,12.06,12.0,314415.25,-0.33,-2.66,12.222,12.207,11.696,266662.31,313785.94,311889.22,2.84
2014-02-10,12.22,12.55,12.39,12.22,286092.75,0.17,1.39,12.178,12.193,11.602,241781.9,323164.28,301839.24,2.59
2014-02-07,11.94,12.27,12.22,11.6,184287.67,0.18,1.5,12.072,12.099,11.48,246910.11,314961.19,293986.19,1.67
2014-01-30,12.33,12.49,12.04,12.01,208790.2,-0.36,-2.9,12.112,12.0,11.382,282054.93,323230.72,293577.99,1.89
2014-01-29,11.9,12.53,12.4,11.9,339725.66,0.56,4.73,12.218,11.941,11.311,334980.73,345774.42,289511.77,3.07
2014-01-28,11.83,12.15,11.84,11.71,190013.2,-0.02,-0.17,12.192,11.786,11.223,360909.56,328173.89,283725.35,1.72
2014-01-27,12.31,12.31,11.86,11.8,311733.81,-0.56,-4.51,12.208,11.698,11.164,404546.67,329679.76,288835.13,2.82
2014-01-24,12.5,12.66,12.42,12.22,360011.78,-0.15,-1.19,12.126,11.594,11.072,383012.27,319455.19,280263.0,3.25
2014-01-23,12.16,12.88,12.57,12.06,473419.22,0.3,2.44,11.888,11.46,10.945,364406.5,313823.84,270497.4,4.28
2014-01-22,11.83,12.6,12.27,11.78,469369.81,0.35,2.94,11.664,11.293,10.832,356568.11,303773.03,253675.06,4.24
2014-01-21,11.33,12.15,11.92,11.26,408198.72,0.47,4.11,11.38,11.185,10.73,295438.22,309992.5,241027.56,3.69
2014-01-20,11.11,11.58,11.45,11.06,204061.81,0.22,1.96,11.188,11.01,10.632,254812.84,280514.19,229178.69,1.84
2014-01-17,11.35,11.65,11.23,11.17,266982.94,-0.22,-1.92,11.062,10.86,10.549,255898.11,273011.19,230756.46,2.41
2014-01-16,10.87,11.7,11.45,10.87,434227.28,0.6,5.53,11.032,10.764,10.497,263241.17,263925.27,230790.54,3.93
2014-01-15,10.87,10.98,10.85,10.72,163720.36,-0.11,-1.0,10.922,10.681,10.466,250977.94,233249.11,217056.42,1.48
2014-01-14,10.66,11.07,10.96,10.61,205071.83,0.14,1.29,10.99,10.66,10.458,324546.78,239276.8,222102.11,1.85
2014-01-13,11.05,11.13,10.82,10.6,209488.12,-0.26,-2.35,10.832,10.629,10.477,306215.54,247990.5,228002.39,1.89
2014-01-10,10.75,11.12,11.08,10.5,303698.28,0.18,1.65,10.658,10.549,10.501,290124.27,241070.8,238818.67,2.75
2014-01-09,11.3,11.48,10.9,10.85,372911.12,-0.29,-2.59,10.496,10.429,10.54,264609.36,227170.97,242492.6,3.37
2014-01-08,10.1,11.19,11.19,10.08,531564.56,1.02,10.03,10.44,10.37,10.61,215520.28,203577.09,249419.34,4.8
2014-01-07,9.88,10.21,10.17,9.83,113415.62,0.22,2.21,10.33,10.275,10.684,154006.81,172062.62,264435.35,1.03
2014-01-06,10.23,10.27,9.95,9.91,129031.75,-0.32,-3.12,10.426,10.253,10.751,189765.46,177843.18,267685.42,1.17
2014-01-03,10.51,10.66,10.27,10.16,176123.77,-0.35,-3.3,10.44,10.238,10.826,192017.34,188501.74,274703.63,1.59
2014-01-02,10.59,10.73,10.62,10.42,127465.7,-0.02,-0.19,10.362,10.23,10.905,189732.57,197655.8,284516.47,1.15
2013-12-31,10.5,10.87,10.64,10.42,223997.23,-0.01,-0.09,10.3,10.251,10.96,191633.89,200863.73,296056.83,2.02
2013-12-30,10.04,10.9,10.65,10.02,292208.84,0.63,6.29,10.22,10.256,11.025,190118.42,204927.42,313556.44,2.64
2013-12-27,9.88,10.12,10.02,9.61,140291.17,0.14,1.42,10.08,10.325,11.087,165920.9,208014.29,326651.95,1.27
2013-12-26,10.31,10.39,9.88,9.8,164699.92,-0.43,-4.17,10.036,10.453,11.201,184986.14,236566.54,340385.21,1.49
2013-12-25,10.18,10.42,10.31,10.01,136972.31,0.07,0.68,10.098,10.651,11.331,205579.04,257814.24,354188.47,1.24
2013-12-24,9.96,10.42,10.24,9.92,216419.84,0.29,2.92,10.202,10.849,11.459,210093.57,295261.6,384136.37,1.96
2013-12-23,9.81,10.1,9.95,9.59,171221.27,0.15,1.53,10.292,11.092,11.598,219736.42,356808.08,412960.91,1.55
2013-12-20,10.2,10.26,9.8,9.7,235617.38,-0.39,-3.83,10.57,11.249,11.706,250107.68,357527.66,450672.95,2.13
2013-12-19,10.71,10.8,10.19,10.15,267664.38,-0.64,-5.91,10.87,11.414,11.789,288146.93,360905.51,466910.54,2.42
2013-12-18,10.69,10.95,10.83,10.66,159544.98,0.14,1.31,11.204,11.58,11.801,310049.44,371377.13,478930.67,1.44
2013-12-17,11.29,11.4,10.69,10.67,264634.09,-0.65,-5.73,11.496,11.668,11.733,380429.63,391249.93,481417.87,2.39
2013-12-16,11.3,11.66,11.34,10.86,323077.56,0.04,0.35,11.892,11.793,11.676,493879.74,422185.47,484622.47,2.92
2013-12-13,11.6,11.85,11.3,11.16,425813.62,-0.56,-4.72,11.928,11.848,11.575,464947.64,445289.62,485632.19,3.85
2013-12-12,12.18,12.45,11.86,11.8,377176.97,-0.43,-3.5,11.958,11.948,11.467,433664.1,444203.88,487136.43,3.41
2013-12-11,12.57,12.71,12.29,12.03,511445.91,-0.38,-3.0,11.956,12.01,11.314,432704.81,450562.71,484195.53,4.62
2013-12-10,11.54,12.67,12.67,11.54,831884.62,1.15,9.98,11.84,12.069,11.143,402070.23,473011.15,477231.78,7.52
2013-12-09,11.36,11.67,11.52,11.35,178417.09,0.07,0.61,11.694,12.104,10.972,350491.21,469113.73,479979.43,1.61
2013-12-06,11.84,11.94,11.45,11.29,269395.91,-0.4,-3.38,11.768,12.163,10.87,425631.59,543818.24,489058.94,2.44
2013-12-05,11.75,12.2,11.85,11.55,372380.53,0.14,1.2,11.938,12.164,10.825,454743.66,572915.57,487797.08,3.37
2013-12-04,11.58,12.08,11.71,11.56,358273.0,-0.23,-1.93,12.064,12.021,10.818,468420.6,586484.21,475024.3,3.24
2013-12-03,11.51,12.49,11.94,10.7,573989.5,0.05,0.42,12.298,11.797,10.83,543952.06,571585.8,463777.19,5.19
2013-12-02,12.0,12.78,11.89,11.7,554119.0,-0.41,-3.33,12.514,11.559,10.85,587736.26,547059.47,443031.4,5.01
2013-11-29,12.5,12.59,12.3,12.08,414956.25,-0.18,-1.44,12.558,11.302,10.867,662004.89,525974.76,432872.43,3.75
2013-11-28,12.7,12.95,12.48,12.4,440765.25,-0.4,-3.11,12.39,10.986,10.836,691087.47,530068.98,430797.29,3.98
2013-11-27,12.87,13.28,12.88,12.48,735930.31,-0.14,-1.07,11.978,10.618,10.795,704547.81,517828.36,421373.99,6.65
2013-11-26,12.0,13.29,13.02,11.71,792910.5,0.91,7.51,11.296,10.216,10.743,599219.55,481452.41,410077.0,7.17
2013-11-25,11.93,12.53,12.11,11.57,925462.12,0.65,5.67,10.604,9.839,10.73,506382.67,490845.12,379905.58,8.37
2013-11-22,10.75,11.46,11.46,10.5,560369.19,1.04,9.98,10.046,9.577,10.834,389944.64,434299.65,334717.92,5.07
2013-11-21,9.45,10.42,10.42,9.41,508066.94,0.95,10.03,9.582,9.485,11.05,369050.48,402678.59,323353.27,4.59
2013-11-20,9.59,9.62,9.47,9.35,209288.98,-0.09,-0.94,9.258,9.614,11.322,331108.9,363564.39,321994.99,1.89
2013-11-19,9.3,9.65,9.56,9.18,328726.12,0.24,2.58,9.136,9.863,11.701,363685.27,355968.57,332279.44,2.97
2013-11-18,9.08,9.33,9.32,8.92,343271.97,0.18,1.97,9.074,10.14,12.17,475307.57,339003.33,328756.02,3.1
2013-11-15,8.87,9.56,9.14,8.8,455898.41,0.34,3.86,9.108,10.431,12.617,478654.65,339770.09,321824.58,4.12
2013-11-14,8.8,8.95,8.8,8.52,318359.03,-0.06,-0.68,9.388,10.685,13.059,436306.7,331525.59,309429.01,2.88
2013-11-13,9.0,9.17,8.86,8.82,372170.81,-0.39,-4.22,9.97,10.971,13.51,396019.88,324919.62,303239.47,3.36
2013-11-12,8.75,9.66,9.25,8.59,886837.62,-0.24,-2.53,10.59,11.269,13.978,348251.88,338701.59,298829.22,8.02
2013-11-11,9.9,9.94,9.49,9.49,360007.38,-1.05,-9.96,11.206,11.621,14.451,202699.09,268966.03,281443.49,3.25
2013-11-08,11.45,11.66,10.54,10.54,244158.66,-1.17,-9.99,11.754,12.091,14.936,200885.54,235136.19,287538.6,2.21
2013-11-07,11.9,11.92,11.71,11.58,116924.95,-0.25,-2.09,11.982,12.614,15.293,226744.48,244027.95,292095.31,1.06
2013-11-06,12.27,12.49,11.96,11.94,133330.77,-0.37,-3.0,11.972,13.029,15.591,253819.35,280425.59,300170.04,1.21
2013-11-05,12.07,12.43,12.33,11.95,159073.69,0.1,0.82,11.948,13.538,15.894,329151.31,308590.31,307558.48,1.44
2013-11-04,11.68,12.63,12.23,11.43,350939.62,0.55,4.71,12.036,14.199,16.177,335232.97,318508.72,316502.12,3.17
2013-11-01,11.64,11.81,11.68,10.7,373453.38,0.02,0.17,12.428,14.803,16.459,269386.85,303879.06,319019.72,3.38
2013-10-31,11.75,12.02,11.66,11.42,252299.28,-0.18,-1.52,13.246,15.432,16.814,261311.41,287332.42,311230.37,2.28
2013-10-30,11.56,12.6,11.84,11.56,509990.59,-0.93,-7.28,14.086,16.048,17.159,307031.82,281559.33,314292.92,4.61
2013-10-29,12.77,12.77,12.77,12.77,189482.0,-1.42,-10.01,15.128,16.686,17.494,288029.31,258956.85,308027.11,1.71
2013-10-28,14.19,14.19,14.19,14.19,21709.0,-1.58,-10.02,16.362,17.281,17.827,301784.46,293920.94,315842.77,0.2
2013-06-07,15.71,16.02,15.77,14.8,333076.19,-0.09,-0.57,17.178,17.781,18.066,338371.27,339941.0,336800.56,3.01
2013-06-06,15.6,16.45,15.86,15.35,480901.34,-1.19,-6.98,17.618,17.972,18.272,313353.43,340162.67,345350.54,4.35
2013-06-05,17.75,17.88,17.05,17.05,414978.0,-1.89,-9.98,18.01,18.153,18.525,256086.83,319914.5,343708.02,3.75
2013-06-04,18.28,18.96,18.94,18.02,258257.77,0.67,3.67,18.244,18.25,18.783,229884.39,306526.65,342156.15,2.33
2013-06-03,18.0,18.4,18.27,17.91,204643.06,0.3,1.67,18.2,18.155,18.956,286057.43,314495.52,348354.59,1.85
2013-05-31,17.79,18.36,17.97,17.67,207987.0,0.15,0.84,18.384,18.115,19.086,341510.73,334160.37,354803.21,1.88
2013-05-30,18.14,18.35,17.82,17.66,194568.3,-0.4,-2.19,18.326,18.196,19.192,366971.9,335128.31,368213.29,1.76
2013-05-29,18.5,18.99,18.22,17.65,283965.84,-0.5,-2.67,18.296,18.27,19.254,383742.17,347026.52,380620.8,2.57
2013-05-28,19.26,20.3,18.72,18.63,539122.94,-0.47,-2.45,18.256,18.301,19.21,383168.9,357097.37,379388.74,4.87
2013-05-27,17.5,19.3,19.19,17.42,481909.59,1.51,8.54,18.11,18.372,19.139,342933.61,337764.59,378319.92,4.36
2013-05-24,17.6,17.88,17.68,17.03,335292.81,0.01,0.06,17.846,18.351,19.111,326810.01,333660.12,376775.64,3.03
2013-05-23,17.99,18.11,17.67,17.59,278419.69,-0.35,-1.94,18.066,18.572,19.132,303284.72,350538.41,383917.39,2.52
2013-05-22,17.95,18.29,18.02,17.75,281099.47,0.03,0.17,18.244,18.897,19.124,310310.87,367501.55,383372.34,2.54
2013-05-21,17.87,18.0,17.99,17.5,337946.5,0.12,0.67,18.346,19.315,19.822,331025.85,377785.65,375613.93,3.05
2013-05-20,18.78,18.95,17.87,17.76,401291.59,-0.91,-4.85,18.634,19.756,20.496,332595.57,382213.65,366509.2,3.63
2013-05-17,18.55,19.0,18.78,18.3,217666.36,0.22,1.19,18.856,20.056,21.072,340510.22,375446.04,349362.24,1.97
2013-05-16,18.18,19.09,18.56,17.85,313550.41,0.03,0.16,19.078,20.188,21.578,397792.1,401298.28,342436.12,2.83
2013-05-15,19.48,19.66,18.53,18.27,384674.38,-0.9,-4.63,19.55,20.238,22.051,424692.22,414215.07,330962.5,3.48
2013-05-14,19.0,19.83,19.43,18.8,345795.12,0.45,2.37,20.284,20.118,22.57,424545.45,401680.1,317512.78,3.13
2013-05-13,19.75,20.1,18.98,18.62,440864.84,-0.91,-4.58,20.878,19.905,23.013,431831.74,418875.24,305301.66,3.99
2013-05-10,20.62,21.35,19.89,18.99,504075.75,-1.03,-4.92,21.256,19.87,23.443,410381.86,419891.17,289685.02,4.56
2013-05-09,22.15,22.37,20.92,20.58,448051.03,-1.28,-5.77,21.298,19.691,23.708,404804.46,417296.37,266539.14,4.05
2013-05-08,22.18,22.77,22.2,21.5,383940.53,-0.2,-0.89,20.926,19.351,23.899,403737.92,399243.13,246652.6,3.47
2013-05-07,20.8,22.5,22.4,20.51,382226.53,1.53,7.33,19.952,20.329,24.042,378814.75,373442.21,229694.51,3.46
2013-05-06,20.2,21.0,20.87,19.6,333615.47,0.77,3.83,18.932,21.236,24.208,405918.74,350804.75,213027.23,3.02
2013-05-03,19.2,20.28,20.1,19.2,476188.72,1.04,5.46,18.484,22.087,24.467,429400.47,323278.44,199377.11,4.3
2013-05-02,17.7,19.06,19.06,17.7,442718.34,1.73,9.98,18.084,22.968,24.761,429788.28,283573.96,180814.98,4.0
2013-04-26,17.17,17.67,17.33,16.5,259324.69,0.03,0.17,17.776,23.863,25.112,394748.34,247709.94,162819.43,2.34
2013-04-25,18.45,19.0,17.3,16.77,517746.5,-1.33,-7.14,20.706,25.022,25.574,368069.66,233345.46,154919.36,4.68
2013-04-24,18.26,18.97,18.63,17.66,451024.12,0.53,2.93,23.54,26.12,25.994,295690.76,191728.09,132356.97,4.08
2013-04-23,17.5,18.46,18.1,17.02,478127.75,0.58,3.31,25.69,27.016,26.331,217156.4,159478.88,115706.38,4.32
2013-04-22,16.51,17.52,17.52,16.0,267518.66,1.59,9.98,27.852,27.725,26.634,137359.63,115781.91,97087.78,2.42
2013-04-19,31.55,32.18,31.98,31.1,125931.27,0.51,1.62,29.95,28.446,26.965,100671.53,94062.06,90462.39,2.28
2013-04-18,29.67,32.24,31.47,29.2,155852.0,2.09,7.11,29.338,27.754,26.538,98621.25,85946.82,94972.97,2.82
2013-04-17,28.98,29.68,29.38,28.5,58352.33,0.47,1.63,28.7,27.18,26.146,87765.41,75249.71,99165.0,1.05
2013-04-16,27.78,29.19,28.91,27.78,79143.89,0.9,3.21,28.342,26.847,25.989,101801.35,75475.79,104884.43,1.43
2013-04-15,28.91,29.26,28.01,28.0,84078.16,-0.91,-3.15,27.598,26.554,25.826,94204.18,78056.01,111019.46,1.52
2013-04-12,28.2,29.3,28.92,28.15,115679.88,0.64,2.26,26.942,26.361,25.812,87452.59,77928.93,112806.98,2.09
2013-04-11,27.5,28.35,28.28,27.4,101572.81,0.69,2.5,26.17,26.126,25.789,73272.39,76493.27,116635.47,1.84
2013-04-10,25.01,27.64,27.59,25.01,128532.03,2.4,9.53,25.66,25.867,25.791,62734.01,72985.85,124485.61,2.32
2013-04-09,24.83,25.3,25.19,24.29,41158.03,0.46,1.86,25.352,25.645,25.745,49150.23,71933.88,128927.25,0.74
2013-04-08,24.99,25.52,24.73,24.21,50320.21,-0.33,-1.32,25.51,25.543,25.699,61907.85,78393.64,141933.76,0.91
2013-04-03,26.0,26.0,25.06,24.9,44778.85,-0.67,-2.6,25.78,25.484,25.675,68405.26,86862.72,147510.69,0.81
2013-04-02,26.06,26.22,25.73,25.4,48880.92,-0.32,-1.23,26.082,25.322,25.526,79714.16,103999.12,152404.46,0.88
2013-04-01,25.99,26.2,26.05,25.31,60613.13,0.07,0.27,26.074,25.111,25.322,83237.69,123080.29,160916.31,1.1
2013-03-29,26.0,26.47,25.98,23.8,104946.12,-0.1,-0.38,25.938,25.13,25.075,94717.53,134293.07,165230.82,1.9
2013-03-28,26.69,26.9,26.08,25.93,82807.27,-0.49,-1.84,25.576,25.097,24.812,94879.44,143982.91,169569.38,1.5
2013-03-27,25.68,26.79,26.57,25.68,101323.34,0.88,3.42,25.188,25.262,24.45,105320.18,147685.04,173288.2,1.83
2013-03-26,25.2,25.8,25.69,25.0,66498.58,0.32,1.26,24.562,25.451,24.08,128284.09,156777.67,178106.05,1.2
2013-03-25,24.17,25.77,25.37,24.1,118012.33,1.2,4.96,24.148,25.715,23.668,162922.89,175985.38,180848.91,2.13
2013-03-22,24.4,24.5,24.17,23.65,105755.69,0.03,0.12,24.322,25.845,23.235,173868.61,185920.63,183100.42,1.91
2013-03-21,23.43,24.2,24.14,23.34,135010.98,0.7,2.99,24.618,25.854,22.83,193086.38,205473.88,192102.88,2.44
2013-03-20,23.08,24.05,23.44,22.85,216142.88,-0.18,-0.76,25.336,25.865,22.483,190049.9,208158.65,192291.52,3.91
2013-03-19,26.25,26.8,23.62,23.62,239692.58,-2.62,-9.98,26.34,25.73,22.093,185271.24,200809.8,186299.82,4.33
2013-03-18,25.4,26.35,26.24,24.92,172740.91,0.59,2.3,27.282,25.533,21.673,189047.86,198752.33,181183.66,3.12
2013-03-15,27.51,27.94,25.65,24.96,201844.56,-2.08,-7.5,27.368,25.019,21.086,197972.64,196168.56,178678.78,3.65
2013-03-14,28.37,29.21,27.73,27.5,119828.58,-0.73,-2.56,27.09,24.526,20.846,217861.38,195155.84,177459.53,2.17
2013-03-13,28.25,29.25,28.46,27.2,192249.56,0.13,0.46,26.394,23.638,20.463,226267.41,198891.36,180661.25,3.48
2013-03-12,26.72,28.77,28.33,25.2,258575.69,1.66,6.22,25.12,22.709,19.993,216348.36,199434.44,179979.59,4.67
2013-03-07,24.22,26.67,26.67,24.2,217364.83,2.41,9.93,23.784,21.62,19.472,208456.81,185712.44,175067.33,3.93
2013-03-06,24.35,25.38,24.26,23.15,301288.25,0.01,0.04,22.67,20.624,18.992,194364.48,180280.21,172247.5,5.45
2013-03-05,22.1,24.3,24.25,22.0,161858.7,2.16,9.78,21.962,19.805,18.616,172450.3,178731.88,163030.3,2.93
2013-03-04,21.7,22.4,22.09,21.17,142654.31,0.44,2.03,20.882,19.1,18.182,171515.3,176424.38,163120.42,2.58
2013-03-01,21.09,22.49,21.65,20.01,219117.95,0.55,2.61,20.298,18.455,17.857,182520.53,171789.85,164825.93,3.96
2013-02-28,20.8,21.55,21.1,20.2,146903.2,0.38,1.83,19.456,17.812,17.512,162968.06,163614.99,159890.29,2.66
2013-02-27,18.95,20.74,20.72,18.85,191717.34,1.87,9.92,18.578,17.153,17.153,166195.95,161189.0,161189.0,3.47
2013-02-26,19.08,19.7,18.85,18.58,157183.72,-0.32,-1.67,17.648,16.757,16.757,185013.47,157796.96,157796.96,2.84
2013-02-22,17.51,19.18,19.17,17.46,197680.44,1.73,9.92,17.318,16.495,16.495,181333.45,157873.62,157873.62,3.57
2013-02-21,16.51,17.54,17.44,16.5,121355.61,0.73,4.37,16.612,16.113,16.113,161059.17,152186.93,152186.93,2.19
2013-02-20,15.86,16.98,16.71,15.75,163042.62,0.64,3.98,16.168,15.892,15.892,164261.92,157325.48,157325.48,2.95
2013-02-19,17.2,18.4,16.07,15.97,285804.94,-1.13,-6.57,15.728,15.728,15.728,156182.06,156182.06,156182.06,5.17
2013-02-18,15.9,17.2,17.2,15.65,138783.66,1.56,9.97,15.643,15.643,15.643,123776.34,123776.34,123776.34,2.51
2013-02-08,15.32,15.86,15.64,15.09,96309.04,0.42,2.76,15.123,15.123,15.123,118773.9,118773.9,118773.9,1.74
2013-02-07,14.5,15.3,15.22,14.45,137369.34,0.71,4.89,14.865,14.865,14.865,130006.33,130006.33,130006.33,2.48
2013-02-06,13.89,14.56,14.51,13.82,122643.31,0.64,4.61,14.51,14.51,14.51,122643.31,122643.31,122643.31,2.22
