date,open,high,close,low,volume,price_change,p_change,ma5,ma10,ma20,v_ma5,v_ma10,v_ma20,turnover
2016-02-05,5.01,5.1,4.96,4.94,67887.66,-0.07,-1.39,4.89,4.985,5.35,55550.63,62841.42,66270.05,0.59
2016-02-04,4.91,5.05,5.03,4.85,65196.76,0.15,3.07,4.864,5.049,5.422,55770.7,60070.07,67945.32,0.57
2016-02-03,4.84,4.9,4.87,4.78,44175.37,0.01,0.21,4.804,5.096,5.481,64790.08,59029.67,65889.83,0.39
2016-02-02,4.74,4.9,4.86,4.72,52320.6,0.13,2.75,4.832,5.168,5.58,70749.98,61824.22,68948.58,0.46
2016-02-01,4.82,4.84,4.73,4.62,48172.75,-0.09,-1.87,4.898,5.248,5.664,72138.94,63203.87,70677.81,0.42
2016-01-29,4.69,4.88,4.83,4.69,68988.0,0.11,2.33,5.08,5.316,5.753,70132.21,63858.8,71738.92,0.6
2016-01-28,5.0,5.0,4.73,4.66,110293.66,-0.27,-5.4,5.234,5.37,5.866,64369.45,67146.14,73510.38,0.96
2016-01-27,5.18,5.25,5.01,4.83,73974.87,-0.17,-3.28,5.388,5.489,5.984,53269.26,62783.21,71412.35,0.65
2016-01-26,5.59,5.61,5.19,5.12,59265.41,-0.45,-7.98,5.504,5.576,6.084,52898.46,61303.31,73069.72,0.52
2016-01-25,5.62,5.7,5.64,5.59,38139.09,0.04,0.71,5.598,5.668,6.174,54268.81,62692.56,74714.79,0.33
2016-01-22,5.54,5.65,5.6,5.48,40174.2,0.1,1.82,5.552,5.714,6.247,57585.4,69698.68,75228.45,0.35
2016-01-21,5.52,5.73,5.5,5.49,54792.75,-0.09,-1.61,5.506,5.795,6.32,69922.83,75820.56,76690.12,0.48
2016-01-20,5.62,5.75,5.59,5.48,72120.84,-0.07,-1.24,5.59,5.866,6.401,72297.16,72749.99,79359.49,0.63
2016-01-19,5.41,5.73,5.66,5.37,66117.15,0.25,4.62,5.648,5.991,6.483,69708.15,76072.95,79979.95,0.58
2016-01-18,5.33,5.5,5.41,5.3,54722.07,0.03,0.56,5.738,6.079,6.562,71116.31,78151.75,83423.73,0.48
2016-01-15,5.84,5.88,5.37,5.33,101861.36,-0.55,-9.29,5.876,6.189,6.642,81811.95,79619.04,84196.36,0.89
2016-01-14,5.7,5.95,5.92,5.6,66664.37,0.04,0.68,6.084,6.362,6.726,81718.29,79874.63,84145.11,0.58
2016-01-13,6.15,6.18,5.88,5.86,59175.81,-0.23,-3.76,6.142,6.478,6.775,73202.82,80041.5,83413.58,0.52
2016-01-12,6.12,6.23,6.11,5.95,73157.92,0.01,0.16,6.334,6.592,6.826,82437.74,84836.14,83709.69,0.64
2016-01-11,6.32,6.57,6.1,5.97,108200.29,-0.3,-4.69,6.42,6.68,6.868,85187.19,86737.02,83384.21,0.94
2016-01-08,6.37,6.52,6.41,6.19,101393.08,0.22,3.55,6.502,6.78,6.899,77426.13,80758.22,81782.3,0.88
2016-01-07,6.71,6.88,6.21,6.17,24087.0,-0.64,-9.34,6.64,6.844,6.923,78030.96,77559.68,81154.18,0.21
2016-01-06,6.53,6.87,6.84,6.47,105350.41,0.3,4.59,6.814,6.935,6.958,86880.17,85968.99,82449.78,0.92
2016-01-05,6.3,6.6,6.54,6.25,86905.17,0.02,0.31,6.85,6.974,6.966,87234.54,83886.95,80356.38,0.76
2016-01-04,7.08,7.2,6.51,6.5,69395.01,-0.58,-8.18,6.94,7.044,6.999,88286.84,88695.71,78828.64,0.61
2015-12-31,7.05,7.58,7.1,7.04,104417.19,0.01,0.14,7.058,7.095,7.029,84090.32,88773.69,78982.73,0.91
2015-12-30,7.0,7.1,7.08,6.95,68333.08,0.06,0.85,7.048,7.09,7.038,77088.4,88415.59,77043.74,0.6
2015-12-29,6.98,7.05,7.02,6.82,107122.24,0.03,0.43,7.056,7.072,7.044,85057.8,86785.65,77494.35,0.93
2015-12-28,7.13,7.22,6.99,6.96,92166.69,-0.11,-1.55,7.098,7.059,7.05,80539.36,82583.24,77391.43,0.8
2015-12-25,7.05,7.11,7.1,7.03,48412.38,0.05,0.71,7.148,7.055,7.056,89104.58,80031.41,78017.66,0.42
2015-12-24,7.1,7.13,7.05,6.95,69407.63,-0.07,-0.98,7.132,7.017,7.066,93457.05,82806.37,81262.23,0.61
2015-12-23,7.25,7.29,7.12,7.1,108180.05,-0.1,-1.39,7.132,7.002,7.097,99742.77,84748.68,83080.31,0.94
2015-12-22,7.24,7.28,7.23,7.1,84530.05,-0.01,-0.14,7.088,6.98,7.124,88513.51,78930.58,81348.74,0.74
2015-12-21,7.04,7.25,7.24,7.01,134992.81,0.21,2.99,7.02,6.958,7.144,84627.11,76825.81,79951.47,1.18
2015-12-18,7.07,7.08,7.02,6.98,70174.73,-0.03,-0.43,6.962,6.953,7.163,70958.24,68961.57,77363.12,0.61
2015-12-17,6.94,7.08,7.05,6.92,100836.22,0.15,2.17,6.902,6.963,7.193,72155.69,69191.78,78395.94,0.88
2015-12-16,6.91,6.99,6.9,6.88,52033.74,0.02,0.29,6.872,6.985,7.224,69754.59,65671.9,76348.08,0.45
2015-12-15,6.98,7.03,6.89,6.82,65098.05,-0.07,-1.01,6.872,7.015,7.255,69347.65,68203.04,78128.28,0.57
2015-12-14,6.7,7.02,6.95,6.6,66648.44,0.22,3.27,6.896,7.04,7.292,69024.51,72199.62,81485.33,0.58
2015-12-11,6.9,6.9,6.72,6.68,76161.98,-0.18,-2.61,6.944,7.056,7.33,66964.91,76003.92,81828.87,0.66
2015-12-10,6.93,7.12,6.9,6.81,88830.75,0.0,0.0,7.024,7.114,7.378,66227.88,79718.08,84979.16,0.77
2015-12-09,7.0,7.03,6.9,6.84,49999.01,-0.1,-1.43,7.098,7.191,7.425,61589.2,81411.94,86242.23,0.44
2015-12-08,7.14,7.15,7.01,7.0,63482.35,-0.18,-2.5,7.158,7.268,7.483,67058.44,83766.9,90993.91,0.55
2015-12-07,7.15,7.24,7.19,7.1,56350.47,0.07,0.98,7.184,7.329,7.525,75374.73,83077.14,93247.76,0.49
2015-12-04,7.25,7.28,7.12,7.05,72476.81,-0.15,-2.06,7.168,7.372,7.552,85042.92,85764.66,99154.23,0.63
2015-12-03,7.24,7.28,7.27,7.16,65637.37,0.06,0.83,7.204,7.423,7.58,93208.29,87600.11,102675.26,0.57
2015-12-02,7.16,7.23,7.2,6.98,77345.19,0.06,0.84,7.284,7.463,7.593,101234.67,87024.26,108120.7,0.67
2015-12-01,7.07,7.2,7.14,7.01,105063.79,0.03,0.42,7.378,7.494,7.603,100475.36,88053.52,109913.75,0.92
2015-11-30,7.28,7.35,7.11,6.85,104691.44,-0.19,-2.6,7.474,7.544,7.6,90779.55,90771.04,107915.06,0.91
2015-11-27,7.63,7.74,7.3,7.2,113303.66,-0.37,-4.82,7.576,7.604,7.602,86486.4,87653.83,105179.28,0.99
2015-11-26,7.7,7.74,7.67,7.63,105769.26,-0.01,-0.13,7.642,7.641,7.602,81991.92,90240.23,102350.25,0.92
2015-11-25,7.58,7.68,7.67,7.55,73548.66,0.05,0.66,7.642,7.659,7.589,72813.86,91072.52,100314.04,0.64
2015-11-24,7.63,7.64,7.62,7.45,56584.74,-0.01,-0.13,7.61,7.698,7.575,75631.68,98220.93,101521.69,0.49
2015-11-23,7.63,7.72,7.62,7.6,83225.7,-0.01,-0.13,7.614,7.72,7.562,90762.53,103418.37,101936.98,0.73
2015-11-20,7.67,7.69,7.63,7.56,90831.26,-0.04,-0.52,7.632,7.732,7.555,88821.25,112543.79,104342.02,0.79
2015-11-19,7.53,7.68,7.67,7.48,59878.95,0.16,2.13,7.64,7.736,7.541,98488.53,117750.41,103609.15,0.52
2015-11-18,7.65,7.67,7.51,7.5,87637.77,-0.14,-1.83,7.676,7.723,7.517,109331.18,129217.13,103787.53,0.76
2015-11-17,7.72,7.84,7.64,7.57,132238.98,-0.06,-0.78,7.786,7.712,7.495,120810.17,131773.98,104568.34,1.15
2015-11-16,7.53,7.73,7.71,7.51,73519.29,0.03,0.39,7.826,7.656,7.489,116074.21,125059.08,101494.9,0.64
2015-11-13,7.73,8.02,7.67,7.65,139167.66,-0.19,-2.42,7.832,7.6,7.474,136266.33,122704.72,101568.05,1.21
2015-11-12,8.0,8.0,7.85,7.74,114092.19,-0.21,-2.6,7.832,7.563,7.468,137012.29,114460.27,99612.1,1.0
2015-11-11,7.88,8.09,8.06,7.75,145032.73,0.21,2.67,7.77,7.518,7.448,149103.08,109555.56,96887.5,1.27
2015-11-10,7.68,7.91,7.84,7.65,108559.2,0.1,1.29,7.638,7.451,7.406,142737.8,104822.46,92335.26,0.95
2015-11-09,7.62,7.94,7.74,7.52,174479.89,0.07,0.91,7.486,7.404,7.385,134043.94,100455.58,90387.62,1.52
2015-11-06,7.55,7.68,7.67,7.5,142897.44,0.13,1.72,7.368,7.378,7.369,109143.11,96140.25,86305.06,1.25
2015-11-05,7.39,7.67,7.54,7.37,174546.14,0.14,1.89,7.294,7.345,7.338,91908.26,89467.88,81982.48,1.52
2015-11-04,7.1,7.44,7.4,7.07,113206.31,0.32,4.52,7.266,7.31,7.309,70008.03,78357.92,75537.67,0.99
2015-11-03,7.14,7.25,7.08,7.03,65089.92,-0.06,-0.84,7.264,7.278,7.274,66907.11,77362.69,70690.44,0.57
2015-11-02,7.17,7.35,7.15,7.12,49975.75,-0.15,-2.06,7.322,7.322,7.252,66867.22,77930.73,68889.21,0.44
2015-10-30,7.36,7.42,7.3,7.21,56723.17,-0.1,-1.35,7.388,7.347,7.236,83137.38,80431.38,67674.91,0.49
2015-10-29,7.41,7.51,7.4,7.32,65045.0,0.02,0.27,7.396,7.373,7.211,87027.5,84763.93,67885.08,0.57
2015-10-28,7.35,7.69,7.39,7.3,97701.73,0.01,0.14,7.354,7.377,7.184,86707.82,84219.44,66675.52,0.85
2015-10-27,7.42,7.43,7.37,7.13,64890.46,-0.11,-1.47,7.292,7.361,7.156,87818.27,79848.07,64275.25,0.57
2015-10-26,7.41,7.59,7.48,7.26,131326.55,0.15,2.05,7.322,7.366,7.14,88994.23,80319.66,64902.16,1.15
2015-10-23,7.22,7.34,7.34,7.2,76173.78,0.14,1.94,7.306,7.359,7.114,77725.37,76469.87,61090.67,0.66
2015-10-22,7.03,7.24,7.19,6.99,63446.56,0.12,1.7,7.35,7.33,7.085,82500.35,74497.08,59911.38,0.55
2015-10-21,7.52,7.54,7.08,7.0,103254.01,-0.44,-5.85,7.4,7.307,7.066,81731.07,72717.43,61254.6,0.9
2015-10-20,7.37,7.53,7.52,7.28,70770.25,0.12,1.62,7.43,7.269,7.052,71877.87,64018.2,59719.14,0.62
2015-10-19,7.56,7.59,7.4,7.3,74982.25,-0.17,-2.25,7.41,7.181,6.991,71645.1,59847.69,58972.57,0.65
2015-10-16,7.5,7.65,7.56,7.37,100048.69,0.13,1.75,7.412,7.125,6.952,75214.38,54918.44,59993.13,0.87
2015-10-15,7.23,7.45,7.44,7.22,59600.16,0.22,3.05,7.31,7.048,6.935,66493.81,51006.23,57424.65,0.52
2015-10-14,7.42,7.43,7.23,7.18,53988.01,-0.19,-2.56,7.214,6.991,6.927,63703.78,49131.59,59060.52,0.47
2015-10-13,7.39,7.55,7.42,7.31,69606.37,0.02,0.27,7.108,6.95,6.938,56158.52,48702.43,63403.23,0.61
2015-10-12,7.1,7.48,7.41,7.1,92828.66,0.36,5.11,6.952,6.913,6.934,48050.29,49484.66,62920.82,0.81
2015-10-09,6.9,7.07,7.05,6.9,56445.87,0.09,1.29,6.838,6.868,6.918,34622.51,45711.46,62194.54,0.49
2015-10-08,6.9,7.08,6.96,6.84,45650.0,0.26,3.88,6.786,6.84,6.918,35518.65,45325.68,65950.33,0.4
2015-09-30,6.7,6.78,6.7,6.62,16261.7,0.06,0.9,6.768,6.824,6.9,34559.39,49791.78,67604.16,0.14
2015-09-29,6.79,6.8,6.64,6.51,29065.2,-0.2,-2.92,6.792,6.835,6.92,41246.34,55420.08,71755.15,0.25
2015-09-28,6.79,6.93,6.84,6.69,25689.76,0.05,0.74,6.874,6.8,6.964,50919.04,58097.45,76674.75,0.22
2015-09-25,6.86,7.05,6.79,6.71,60926.58,-0.09,-1.31,6.898,6.779,6.973,56800.42,65067.83,79900.68,0.53
2015-09-24,6.9,6.96,6.87,6.8,40853.72,0.05,0.73,6.894,6.822,6.966,55132.72,63843.06,83026.64,0.36
2015-09-23,6.95,7.05,6.82,6.81,49696.46,-0.23,-3.26,6.88,6.862,6.958,65024.16,68989.46,90322.2,0.43
2015-09-22,7.03,7.2,7.05,6.93,77428.69,0.1,1.44,6.878,6.925,6.99,69593.82,78104.03,93527.04,0.68
2015-09-21,6.7,6.97,6.96,6.58,55096.65,0.2,2.96,6.726,6.955,7.052,65275.85,76356.97,97444.19,0.48
2015-09-18,6.8,6.86,6.77,6.6,52588.08,-0.03,-0.44,6.66,6.967,7.148,73335.23,78677.61,101740.41,0.46
2015-09-17,6.8,6.95,6.8,6.66,90310.93,0.0,0.0,6.75,6.995,7.279,72553.4,86574.97,111686.3,0.79
2015-09-16,6.3,6.92,6.81,6.29,72544.77,0.52,8.27,6.844,6.975,7.41,72954.76,85416.54,121481.51,0.63
2015-09-15,6.65,6.73,6.29,6.28,55838.84,-0.33,-4.99,6.972,7.005,7.593,86614.24,88090.21,132134.0,0.49
2015-09-14,7.37,7.48,6.63,6.5,95393.54,-0.59,-8.17,7.184,7.127,7.791,87438.08,95252.06,153177.39,0.83
2015-09-11,7.23,7.41,7.22,7.1,48678.94,-0.05,-0.69,7.274,7.167,7.966,84020.0,94733.53,161049.71,0.42
2015-09-10,7.38,7.65,7.27,7.25,92317.7,-0.18,-2.42,7.24,7.11,8.081,100596.54,102210.23,166637.15,0.81
2015-09-09,7.47,7.65,7.45,7.24,140842.16,0.1,1.36,7.106,7.054,8.205,97878.33,111654.94,174340.44,1.23
2015-09-08,7.03,7.37,7.35,6.91,59958.07,0.28,3.96,7.038,7.055,8.322,89566.18,108950.05,181805.01,0.52
2015-09-07,7.04,7.38,7.08,7.0,78303.11,0.02,0.28,7.07,7.148,8.403,103066.04,118531.42,187654.16,0.68
2015-09-02,6.15,7.21,7.05,6.15,131561.64,0.45,6.82,7.06,7.328,8.484,105447.06,124803.2,190444.4,1.15
2015-09-01,7.02,7.08,6.6,6.48,78726.67,-0.49,-6.91,6.98,7.563,8.586,103823.92,136797.64,193231.47,0.69
2015-08-31,7.38,7.39,7.11,7.06,99281.41,-0.4,-5.33,7.002,7.845,8.724,125431.55,157546.47,198946.71,0.87
2015-08-28,7.15,7.53,7.51,7.03,127457.35,0.48,6.83,7.072,8.181,8.808,128333.93,176177.8,203882.01,1.11
2015-08-27,6.95,7.1,7.03,6.66,90208.22,0.38,5.71,7.226,8.455,8.915,133996.81,211102.72,211789.51,0.79
2015-08-26,6.98,7.08,6.65,6.38,123445.93,-0.07,-1.04,7.596,8.764,9.06,144159.35,227365.9,229046.96,1.08
2015-08-25,6.75,7.15,6.71,6.71,186764.84,-0.75,-10.05,8.146,9.051,9.261,169771.36,231064.07,246794.93,1.63
2015-08-24,7.99,7.99,7.46,7.46,113793.29,-0.83,-10.01,8.688,9.356,9.421,189661.4,237025.94,260126.71,0.99
2015-08-21,8.76,8.8,8.28,8.21,155771.75,-0.61,-6.86,9.29,9.589,9.515,224021.67,254659.96,288902.93,1.36
2015-08-20,9.26,9.26,8.88,8.8,141020.94,-0.53,-5.63,9.684,9.657,9.585,288208.64,256776.9,317791.59,1.23
2015-08-19,8.91,9.51,9.4,8.51,251505.98,-0.02,-0.21,9.932,9.639,9.581,310572.45,256085.6,321366.54,2.19
2015-08-18,10.54,10.75,9.42,9.42,286215.03,-1.05,-10.03,9.956,9.608,9.54,292356.78,249665.29,316146.67,2.5
2015-08-17,10.03,10.5,10.47,10.0,285594.66,0.22,2.15,10.024,9.602,9.509,284390.49,240346.95,310466.96,2.49
2015-08-14,10.45,11.09,10.25,10.11,476706.59,0.14,1.39,9.888,9.434,9.42,285298.25,231586.23,305393.48,4.16
2015-08-13,9.48,10.12,10.12,9.42,252839.98,0.61,6.41,9.63,9.375,9.336,225345.16,212476.3,287777.08,2.21
2015-08-12,9.6,9.7,9.52,9.4,160427.62,-0.25,-2.56,9.346,9.356,9.233,201598.75,230728.02,283922.56,1.4
2015-08-11,9.88,9.97,9.76,9.57,246383.58,-0.01,-0.1,9.26,9.47,9.146,206973.81,262525.78,286492.79,2.15
2015-08-10,9.0,9.79,9.79,9.0,290133.5,0.83,9.26,9.18,9.485,9.089,196303.42,283227.47,291519.45,2.53
2015-08-07,8.78,9.0,8.96,8.76,176941.12,0.26,2.99,8.98,9.44,9.05,177874.2,323145.91,294666.27,1.54
2015-08-06,8.99,9.05,8.7,8.66,134107.94,-0.38,-4.18,9.12,9.512,9.011,199607.44,378806.29,291811.1,1.17
2015-08-05,9.41,9.47,9.09,8.93,187302.92,-0.29,-3.09,9.366,9.522,8.948,259857.29,386647.49,294234.33,1.63
2015-08-04,8.9,9.45,9.36,8.88,193031.62,0.57,6.49,9.68,9.471,8.831,318077.76,382628.06,311727.75,1.68
2015-08-03,9.24,9.8,8.79,8.75,197987.42,-0.87,-9.01,9.79,9.415,8.714,370151.52,380586.96,317540.34,1.73
2015-07-31,9.71,10.27,9.66,8.92,285607.31,-0.25,-2.52,9.9,9.406,8.664,468417.61,379200.73,344670.0,2.49
2015-07-30,10.45,10.63,9.93,9.81,435357.16,-0.69,-6.5,9.904,9.296,8.55,558005.13,363077.86,344052.59,3.8
2015-07-29,9.93,10.8,10.66,9.38,478405.28,0.73,7.35,9.678,9.11,8.462,513437.69,337117.1,334614.14,4.17
2015-07-28,9.11,10.0,9.91,8.41,453400.41,0.61,6.56,9.262,8.821,8.378,447178.35,310459.79,324441.99,3.95
2015-07-27,9.4,10.37,9.34,9.05,689317.88,-0.34,-3.51,9.04,8.693,8.369,391022.4,299811.43,318432.65,6.01
2015-07-24,8.67,9.68,9.68,8.67,733544.94,0.88,10.0,8.912,8.659,8.353,289983.85,266186.63,297530.36,6.4
2015-07-23,8.51,8.85,8.8,8.39,212519.94,0.22,2.56,8.688,8.509,8.359,168150.59,204815.91,273206.33,1.85
2015-07-22,8.62,8.7,8.58,8.2,147108.59,-0.06,-0.69,8.542,8.373,8.463,160796.52,201821.16,275348.05,1.28
2015-07-21,8.6,8.86,8.8,8.43,172620.66,0.12,1.38,8.38,8.191,8.614,173741.22,240827.45,284754.53,1.51
2015-07-20,8.5,8.88,8.7,8.43,184125.12,0.15,1.75,8.346,8.012,8.722,208600.46,254493.72,288706.98,1.61
2015-07-17,8.12,8.7,8.56,8.11,124378.66,0.5,6.2,8.406,7.922,8.826,242389.42,310139.27,293766.56,1.08
2015-07-16,7.77,8.26,8.07,7.15,175749.56,0.3,3.86,8.33,7.804,8.993,241481.22,325027.32,300201.49,1.53
2015-07-15,8.4,8.51,7.77,7.77,211832.12,-0.86,-9.96,8.204,7.813,9.221,242845.81,332111.17,308436.69,1.85
2015-07-14,8.82,9.3,8.63,8.56,346916.84,-0.37,-4.11,8.002,7.935,9.445,307913.68,338424.18,316494.41,3.03
2015-07-13,8.6,9.0,9.0,8.3,353069.91,0.82,10.02,7.678,8.044,9.665,300386.98,337053.88,326610.5,3.08
2015-07-10,7.91,8.18,8.18,7.64,119837.67,0.74,9.95,7.438,8.046,9.879,377889.11,328874.09,363395.11,1.05
2015-07-09,6.6,7.44,7.44,6.6,182572.52,0.68,10.06,7.278,8.208,10.075,408573.42,341596.75,375556.66,1.59
2015-07-08,6.31,7.01,6.76,6.31,537171.44,-0.25,-3.57,7.422,8.552,10.289,421376.53,348874.94,382856.64,4.69
2015-07-07,7.38,7.72,7.01,7.01,309283.38,-0.78,-10.01,7.868,9.036,10.532,368934.69,328681.61,372007.21,2.7
2015-07-06,8.12,8.12,7.8,6.74,740580.56,0.42,5.69,8.41,9.431,10.781,373720.77,322920.24,381374.78,6.46
2015-07-03,7.83,8.49,7.38,7.35,273259.19,-0.79,-9.67,8.654,9.729,10.963,279859.06,277393.86,367698.29,2.38
2015-07-02,9.02,9.19,8.16,8.08,246588.06,-0.82,-9.13,9.138,10.181,11.149,274620.08,275375.67,371093.48,2.15
2015-07-01,9.6,9.97,8.99,8.88,274962.28,-0.72,-7.42,9.682,10.629,11.299,276373.35,284762.21,377880.47,2.4
2015-06-30,8.97,9.76,9.72,8.12,333213.75,0.7,7.76,10.204,10.955,11.429,288428.52,294564.64,388780.65,2.91
2015-06-29,10.06,10.3,9.02,8.82,271272.03,-0.78,-7.96,10.452,11.286,11.515,272119.7,316167.12,396368.86,2.37
2015-06-26,10.46,10.77,9.8,9.8,247064.3,-1.09,-10.01,10.804,11.712,11.588,274928.65,397916.14,404331.84,2.15
2015-06-25,11.6,11.6,10.88,10.67,255354.38,-0.72,-6.21,11.224,11.942,11.635,276131.25,409516.58,428324.81,2.23
2015-06-24,11.0,11.69,11.6,11.0,335238.12,0.64,5.84,11.576,12.025,11.629,293151.07,416838.35,443225.87,2.92
2015-06-23,10.58,11.1,10.96,10.06,251669.69,0.18,1.67,11.706,12.027,11.568,300700.77,415332.82,456611.09,2.2
2015-06-19,11.56,11.78,10.78,10.75,285316.78,-1.12,-9.41,12.12,12.13,11.513,360214.53,439829.33,465564.56,2.49
2015-06-18,12.55,12.67,11.9,11.78,253077.28,-0.71,-5.63,12.62,12.196,11.455,520903.62,458002.72,469339.1,2.21
2015-06-17,12.06,12.71,12.64,11.42,340453.5,0.39,3.18,12.66,12.116,11.327,542901.9,466811.29,473608.34,2.97
2015-06-16,12.77,13.14,12.25,11.96,372986.59,-0.78,-5.99,12.474,11.969,11.158,540525.62,470998.73,468784.63,3.25
2015-06-15,13.2,13.48,13.03,12.57,549238.5,-0.25,-1.88,12.348,11.903,10.999,529964.86,482996.66,458082.91,4.79
2015-06-12,12.51,13.31,13.28,12.26,1088762.25,1.18,9.75,12.14,11.743,10.799,519444.12,476570.6,439754.24,9.5
2015-06-11,11.71,12.12,12.1,11.38,363068.66,0.39,3.33,11.772,11.463,10.594,395101.82,410747.55,396101.43,3.17
2015-06-10,11.47,11.97,11.71,11.3,328572.12,0.09,0.78,11.572,11.328,10.441,390720.68,447133.05,386157.72,2.87
2015-06-09,11.9,11.9,11.62,11.43,320182.78,-0.37,-3.09,11.464,11.232,10.315,401471.84,469613.4,381728.48,2.79
2015-06-08,11.5,12.22,11.99,11.5,496634.81,0.55,4.81,11.458,11.109,10.192,436028.46,497889.36,380362.1,4.33
2015-06-05,11.16,11.58,11.44,11.02,467050.75,0.34,3.06,11.346,10.896,10.026,433697.07,491299.79,365073.31,4.07
2015-06-04,11.05,11.12,11.1,10.1,341162.94,-0.07,-0.63,11.154,10.713,9.876,426393.27,480675.48,351110.74,2.98
2015-06-03,11.66,11.69,11.17,10.82,382327.94,-0.42,-3.62,11.084,10.537,9.775,503545.42,480405.4,347627.71,3.33
2015-06-02,11.4,11.66,11.59,11.04,492965.84,0.16,1.4,11.0,10.347,9.691,537754.96,466570.52,347572.38,4.3
2015-06-01,10.51,11.49,11.43,10.28,484977.88,0.95,9.06,10.76,10.095,9.623,559750.26,433169.16,344080.99,4.23
2015-05-29,10.73,11.2,10.48,9.85,430531.75,-0.27,-2.51,10.446,9.855,9.521,548902.51,402937.88,331083.37,3.76
2015-05-28,10.53,11.8,10.75,10.24,726923.69,0.0,0.0,10.272,9.725,9.467,534957.69,381455.31,317854.63,6.34
2015-05-26,10.42,10.8,10.75,10.13,553375.62,0.36,3.46,9.99,9.554,9.398,457265.37,325182.4,299747.8,4.83
2015-05-25,9.8,10.5,10.39,9.7,602942.38,0.53,5.38,9.694,9.398,9.361,395386.08,293843.55,286153.26,5.26
2015-05-22,9.89,9.97,9.86,9.46,430739.12,0.25,2.6,9.43,9.274,9.341,306588.05,262834.83,269651.94,3.76
2015-05-21,9.35,9.66,9.61,9.25,360807.62,0.27,2.89,9.264,9.156,9.358,256973.24,238846.83,264705.18,3.15
2015-05-20,9.28,9.53,9.34,9.19,338462.12,0.07,0.76,9.178,9.039,9.395,227952.93,221546.0,275973.92,2.95
2015-05-19,9.08,9.3,9.27,9.02,243979.16,0.2,2.21,9.118,9.012,9.413,193099.42,214850.03,279048.63,2.13
2015-05-18,9.15,9.29,9.07,9.01,158952.25,0.04,0.44,9.102,9.035,9.408,192301.02,228574.24,284275.32,1.39
2015-05-15,9.15,9.34,9.03,8.96,182665.06,-0.15,-1.63,9.118,9.15,9.426,219081.62,254992.82,291979.46,1.59
2015-05-14,8.95,9.22,9.18,8.93,215706.05,0.14,1.55,9.048,9.187,9.432,220720.42,259228.87,290347.07,1.88
2015-05-13,9.16,9.17,9.04,9.01,164194.59,-0.15,-1.63,8.9,9.209,9.426,215139.07,254253.96,291184.41,1.43
2015-05-12,9.11,9.34,9.19,9.01,239987.16,0.04,0.44,8.906,9.241,9.454,236600.64,274313.2,302403.18,2.09
2015-05-11,8.75,9.18,9.15,8.6,292855.22,0.47,5.42,8.968,9.324,9.457,264847.47,278462.98,303267.79,2.55
2015-05-08,8.52,8.72,8.68,8.31,190859.08,0.24,2.84,9.182,9.408,9.457,290904.02,276469.05,298750.41,1.66
2015-05-07,8.95,9.02,8.44,8.43,187799.31,-0.63,-6.95,9.326,9.559,9.473,297737.32,290563.53,303326.51,1.64
2015-05-06,9.5,9.63,9.07,8.97,271502.41,-0.43,-4.53,9.518,9.751,9.522,293368.85,330401.83,310938.62,2.37
2015-05-05,10.29,10.44,9.5,9.48,381221.31,-0.72,-7.04,9.576,9.814,9.554,312025.75,343247.23,313072.93,3.33
2015-05-04,9.41,10.25,10.22,9.4,423137.97,0.82,8.72,9.68,9.781,9.568,292078.49,339976.39,320077.1,3.69
2015-04-30,9.4,9.69,9.4,9.31,225025.58,0.0,0.0,9.634,9.701,9.526,262034.09,328966.1,317671.52,1.96
2015-04-29,9.3,9.51,9.4,9.1,165957.0,0.04,0.43,9.792,9.676,9.518,283389.75,321465.28,322028.77,1.45
2015-04-28,10.03,10.07,9.36,9.25,364786.91,-0.66,-6.59,9.984,9.642,9.504,367434.81,328114.86,326649.99,3.18
2015-04-27,9.93,10.14,10.02,9.75,281484.97,0.03,0.3,10.052,9.666,9.498,374468.7,330493.17,319458.41,2.46
2015-04-24,10.0,10.17,9.99,9.78,272915.97,-0.2,-1.96,9.882,9.589,9.462,387874.3,328072.6,318441.83,2.38
2015-04-23,10.42,10.45,10.19,10.05,331803.88,-0.17,-1.64,9.768,9.506,9.438,395898.11,321031.77,324882.94,2.89
2015-04-22,9.85,10.5,10.36,9.73,586182.31,0.66,6.8,9.56,9.387,9.4,359540.81,316089.49,333262.34,5.11
2015-04-21,9.1,9.73,9.7,9.08,399956.38,0.53,5.78,9.3,9.293,9.341,288794.92,291475.4,335891.03,3.49
2015-04-20,9.31,9.61,9.17,8.98,348512.97,-0.25,-2.65,9.28,9.294,9.304,286517.65,282898.63,351363.82,3.04
2015-04-17,9.2,9.46,9.42,9.14,313035.0,0.27,2.95,9.296,9.355,9.252,268270.9,300177.81,355859.27,2.73
2015-04-16,9.0,9.24,9.15,8.82,150017.38,0.09,0.99,9.244,9.351,9.151,246165.42,306376.94,348183.39,1.31
2015-04-15,9.58,9.58,9.06,9.05,232452.88,-0.54,-5.62,9.214,9.359,9.064,272638.17,322592.26,349396.25,2.03
2015-04-14,9.3,9.77,9.6,9.15,388570.0,0.35,3.78,9.286,9.365,8.977,294155.89,325185.11,348673.9,3.39
2015-04-13,9.17,9.33,9.25,9.0,257279.23,0.09,0.98,9.308,9.33,8.86,279279.62,308423.65,339900.03,2.24
2015-04-10,8.99,9.3,9.16,8.84,202507.62,0.16,1.78,9.414,9.335,8.755,332084.73,308811.07,335349.35,1.77
2015-04-09,9.35,9.35,9.0,8.7,282381.12,-0.42,-4.46,9.458,9.37,8.648,366588.46,328734.12,332729.01,2.46
2015-04-08,9.71,9.71,9.42,9.2,340041.47,-0.29,-2.99,9.504,9.413,8.539,372546.34,350435.19,325160.06,2.97
2015-04-07,9.75,9.96,9.71,9.6,314188.66,-0.07,-0.72,9.444,9.389,8.417,356214.34,380306.66,319137.25,2.74
2015-04-03,9.4,10.0,9.78,9.31,521304.78,0.4,4.26,9.352,9.313,8.281,337567.69,419829.02,315771.3,4.55
2015-04-02,9.2,9.4,9.38,9.07,375026.28,0.15,1.62,9.256,9.149,8.12,285537.4,411540.73,294863.44,3.27
2015-04-01,9.12,9.24,9.23,9.07,312170.53,0.11,1.21,9.282,8.951,7.978,290879.77,389989.84,285560.91,2.72
2015-03-31,9.3,9.3,9.12,9.01,258381.45,-0.13,-1.41,9.322,8.769,7.855,328324.03,376200.25,275011.42,2.25
2015-03-30,9.26,9.3,9.25,9.09,220955.39,-0.05,-0.54,9.334,8.589,7.732,404398.97,372162.69,270843.74,1.93
2015-03-27,9.4,9.43,9.3,9.02,261153.36,-0.21,-2.21,9.274,8.389,7.611,502090.35,371376.4,269841.35,2.28
2015-03-26,9.51,9.99,9.51,9.18,401738.12,0.08,0.85,9.042,8.174,7.48,537544.05,361887.64,262884.75,3.5
2015-03-25,9.11,10.0,9.43,9.03,499391.81,0.25,2.72,8.62,7.926,7.329,489099.91,336723.89,247939.44,4.36
2015-03-24,9.17,9.5,9.18,8.87,638756.19,0.23,2.57,8.216,7.664,7.174,424076.47,299884.94,227021.86,5.57
2015-03-23,8.6,8.95,8.95,8.3,709412.25,0.81,9.95,7.844,7.444,7.032,339926.4,257967.85,197885.92,6.19
2015-03-20,7.42,8.14,8.14,7.4,438421.88,0.74,10.0,7.504,7.248,6.899,240662.45,211713.59,166196.52,3.82
2015-03-19,7.36,7.45,7.4,7.27,159517.44,-0.01,-0.14,7.306,7.091,6.806,186231.22,178186.16,147019.56,1.39
2015-03-18,7.45,7.51,7.41,7.35,174274.59,0.09,1.23,7.232,7.005,6.744,184347.87,181131.98,141452.57,1.52
2015-03-17,7.26,7.34,7.32,7.21,218005.84,0.07,0.97,7.112,6.94,6.678,175693.42,173822.59,136855.12,1.9
2015-03-16,7.18,7.33,7.25,7.18,213092.52,0.1,1.4,7.044,6.875,6.617,176009.29,169524.8,128651.05,1.86
2015-03-13,7.05,7.18,7.15,7.05,166265.73,0.12,1.71,6.992,6.832,6.557,182764.73,168306.31,120869.86,1.45
2015-03-12,6.81,7.08,7.03,6.8,150100.69,0.22,3.23,6.876,6.785,6.499,170141.09,163881.86,119751.29,1.31
2015-03-11,6.98,7.05,6.81,6.76,131002.31,-0.17,-2.44,6.778,6.731,6.458,177916.08,159154.99,116359.64,1.14
2015-03-10,6.98,7.19,6.98,6.88,219585.2,-0.01,-0.14,6.768,6.684,6.433,171951.76,154158.77,114275.64,1.92
2015-03-09,6.57,7.23,6.99,6.54,246869.7,0.42,6.39,6.706,6.619,6.402,163040.31,137803.99,107983.59,2.15
2015-03-06,6.54,6.63,6.57,6.5,103147.57,0.03,0.46,6.672,6.55,6.368,153847.89,120679.44,101672.95,0.9
2015-03-05,6.75,6.75,6.54,6.48,188975.62,-0.22,-3.25,6.694,6.52,6.371,157622.62,115852.95,103949.57,1.65
2015-03-04,6.63,6.85,6.76,6.63,101180.73,0.09,1.35,6.684,6.482,6.385,140393.9,101773.16,106661.87,0.88
2015-03-03,6.78,6.78,6.67,6.58,175027.94,-0.15,-2.2,6.6,6.415,6.378,136365.77,99887.64,106911.33,1.53
2015-03-02,6.7,6.87,6.82,6.62,200907.59,0.14,2.1,6.532,6.359,6.374,112567.68,87777.3,103622.79,1.75
2015-02-27,6.5,6.73,6.68,6.48,122021.24,0.19,2.93,6.428,6.282,6.359,87510.99,73433.42,98272.27,1.06
2015-02-26,6.32,6.52,6.49,6.25,102831.99,0.15,2.37,6.346,6.213,6.346,74083.28,75620.71,96404.86,0.9
2015-02-25,6.31,6.41,6.34,6.24,81040.08,0.01,0.16,6.28,6.184,6.344,63152.43,73564.28,96772.81,0.71
2015-02-17,6.3,6.37,6.33,6.28,56037.48,0.03,0.48,6.23,6.181,6.349,63409.52,74392.51,97415.99,0.49
2015-02-16,6.27,6.31,6.3,6.24,75624.16,0.03,0.48,6.186,6.185,6.341,62986.93,78163.18,98202.05,0.66
2015-02-13,6.22,6.29,6.27,6.18,54882.7,0.11,1.79,6.136,6.185,6.326,59355.85,82666.47,101405.48,0.48
2015-02-12,6.08,6.21,6.16,6.06,48177.73,0.07,1.15,6.08,6.221,6.339,77158.14,92046.18,102747.24,0.42
2015-02-11,6.12,6.16,6.09,6.0,82325.51,-0.02,-0.33,6.088,6.287,6.36,83976.14,111550.58,106089.65,0.72
2015-02-10,6.05,6.12,6.11,6.02,53924.56,0.06,0.99,6.132,6.341,6.375,85375.51,113935.02,108828.84,0.47
2015-02-09,5.99,6.08,6.05,5.92,57468.74,0.06,1.0,6.184,6.388,6.389,93339.42,119468.28,112699.97,0.5
2015-02-06,6.18,6.23,5.99,5.86,143894.17,-0.21,-3.39,6.234,6.436,6.407,105977.09,123111.11,115149.91,1.26
2015-02-05,6.4,6.41,6.2,6.2,82267.71,-0.11,-1.74,6.362,6.478,6.45,106934.21,117189.0,112556.6,0.72
2015-02-04,6.37,6.45,6.31,6.31,89322.37,-0.06,-0.94,6.486,6.504,6.486,139125.03,119981.33,114136.87,0.78
2015-02-03,6.33,6.39,6.37,6.24,93744.13,0.07,1.11,6.55,6.516,6.523,142494.52,120439.46,116198.46,0.82
2015-02-02,6.55,6.55,6.3,6.26,120657.05,-0.33,-4.98,6.592,6.497,6.551,145597.14,118240.91,118715.79,1.05
2015-01-30,6.82,6.87,6.63,6.62,148679.81,-0.19,-2.79,6.638,6.467,6.586,140245.14,120144.5,122154.33,1.3
2015-01-29,6.66,6.83,6.82,6.59,243221.77,0.19,2.87,6.594,6.456,6.592,127443.78,113448.3,124986.49,2.12
2015-01-28,6.58,6.65,6.63,6.47,106169.85,0.05,0.76,6.522,6.433,6.593,100837.63,100628.72,121295.0,0.93
2015-01-27,6.56,6.62,6.58,6.44,109257.24,0.05,0.77,6.482,6.409,6.618,98384.4,103722.66,128538.62,0.95
2015-01-26,6.41,6.56,6.53,6.31,93897.02,0.12,1.87,6.402,6.39,6.648,90884.68,105931.66,129361.8,0.82
2015-01-23,6.43,6.52,6.41,6.37,84673.04,-0.05,-0.77,6.296,6.378,6.675,100043.85,107188.71,131295.48,0.74
2015-01-22,6.42,6.5,6.46,6.37,110191.02,0.03,0.47,6.318,6.422,6.697,99452.81,107924.2,132728.67,0.96
2015-01-21,6.16,6.44,6.43,6.16,93903.66,0.25,4.04,6.344,6.468,6.717,100419.81,108292.4,136268.28,0.82
2015-01-20,6.05,6.18,6.18,6.01,71758.66,0.18,3.0,6.336,6.53,6.756,109060.92,111957.46,145745.61,0.63
2015-01-19,6.3,6.39,6.0,5.88,139692.88,-0.52,-7.97,6.378,6.604,6.817,120978.63,119190.67,151417.78,1.22
2015-01-16,6.59,6.65,6.52,6.48,81717.83,-0.07,-1.06,6.46,6.705,6.888,114333.56,124164.17,150576.63,0.71
2015-01-15,6.38,6.61,6.59,6.38,115026.0,0.2,3.13,6.526,6.727,6.933,116395.58,136524.68,160145.16,1.0
2015-01-14,6.39,6.47,6.39,6.34,137109.22,0.0,0.0,6.592,6.752,6.963,116165.0,141961.29,164448.44,1.2
2015-01-13,6.45,6.5,6.39,6.33,131347.22,-0.02,-0.31,6.724,6.827,6.988,114854.0,153354.58,165416.69,1.15
2015-01-12,6.79,6.79,6.41,6.39,106467.54,-0.44,-6.42,6.83,6.905,7.014,117402.71,152791.94,169500.0,0.93
2015-01-09,6.89,7.0,6.85,6.83,92027.93,-0.07,-1.01,6.95,6.972,7.027,133994.77,155402.26,172429.23,0.8
2015-01-08,7.08,7.1,6.92,6.84,113873.07,-0.13,-1.84,6.928,6.971,7.011,156653.77,157533.15,178215.24,0.99
2015-01-07,6.91,7.05,7.05,6.8,130554.24,0.13,1.88,6.912,6.965,6.983,167757.58,164244.15,187807.73,1.14
2015-01-06,6.96,7.01,6.92,6.82,144090.77,-0.09,-1.28,6.93,6.982,6.975,191855.15,179533.77,196088.92,1.26
2015-01-05,6.75,7.05,7.01,6.69,189427.84,0.27,4.01,6.98,7.029,6.96,188181.17,183644.89,208473.04,1.65
2014-12-31,6.8,6.87,6.74,6.55,205322.95,-0.1,-1.46,6.994,7.071,6.933,176809.74,176989.09,209825.82,1.79
2014-12-30,7.15,7.15,6.84,6.77,169392.11,-0.3,-4.2,7.014,7.139,6.919,158412.53,183765.65,213376.44,1.48
2014-12-29,7.2,7.44,7.14,7.03,251042.09,-0.03,-0.42,7.018,7.173,6.895,160730.72,186935.6,221605.01,2.19
2014-12-26,7.1,7.23,7.17,7.02,125720.85,0.09,1.27,7.034,7.148,6.834,167212.39,177478.81,216526.34,1.1
2014-12-25,6.85,7.17,7.08,6.81,132570.72,0.24,3.51,7.078,7.123,6.777,179108.62,186208.07,222549.09,1.16
2014-12-24,6.85,7.0,6.84,6.78,113336.9,-0.02,-0.29,7.148,7.081,6.731,177168.44,189456.21,228649.78,0.99
2014-12-23,7.1,7.15,6.86,6.75,180983.02,-0.36,-4.99,7.264,7.051,6.688,209118.76,198897.33,235529.11,1.58
2014-12-22,7.35,7.69,7.22,7.0,283450.44,-0.17,-2.3,7.328,7.0,6.641,213140.48,211371.3,234505.06,2.47
2014-12-19,7.36,7.74,7.39,7.06,185202.02,-0.04,-0.54,7.262,6.968,6.573,187745.23,212644.07,232414.56,1.62
2014-12-18,7.4,7.55,7.43,7.21,122869.84,0.01,0.14,7.168,6.89,6.497,193307.52,233301.19,238758.55,1.07
2014-12-17,7.15,7.75,7.42,7.01,273088.5,0.24,3.34,7.014,6.795,6.41,201743.98,242662.55,239675.36,2.38
2014-12-16,6.89,7.19,7.18,6.88,201091.61,0.29,4.21,6.838,6.698,6.321,188675.89,242987.23,231937.71,1.75
2014-12-15,6.87,6.98,6.89,6.69,156474.19,-0.03,-0.43,6.672,6.616,6.241,209602.12,256274.42,226116.92,1.36
2014-12-12,6.68,6.93,6.92,6.66,213013.47,0.26,3.9,6.674,6.52,6.177,237542.91,255573.88,223751.46,1.86
2014-12-11,6.48,6.79,6.66,6.47,165052.12,0.12,1.83,6.612,6.43,6.109,273294.86,258890.11,218981.16,1.44
2014-12-10,6.35,6.6,6.54,6.19,207748.05,0.19,2.99,6.576,6.38,6.06,283581.12,267843.36,219895.42,1.81
2014-12-09,6.84,6.92,6.35,6.27,305722.78,-0.55,-7.97,6.558,6.325,6.013,297298.58,272160.9,214302.92,2.67
2014-12-08,6.62,6.94,6.9,6.58,296178.12,0.29,4.39,6.56,6.281,5.97,302946.72,257638.82,207275.02,2.58
2014-12-05,6.6,6.98,6.61,6.24,391773.22,0.13,2.01,6.366,6.178,5.906,273604.85,252185.06,198685.25,3.42
2014-12-04,6.41,6.55,6.48,6.37,216483.44,0.03,0.47,6.248,6.103,5.85,244485.37,244215.9,188348.19,1.89
2014-12-03,6.35,6.48,6.45,6.24,276335.34,0.09,1.42,6.184,6.024,5.807,252105.59,236688.17,184454.66,2.41
2014-12-02,5.91,6.4,6.36,5.89,333963.5,0.43,7.25,6.092,5.944,5.76,247023.21,220888.19,179780.46,2.91
2014-12-01,5.99,6.08,5.93,5.9,149468.75,-0.09,-1.5,6.002,5.866,5.725,212330.92,195959.42,175016.24,1.3
2014-11-28,6.16,6.18,6.02,5.86,246175.81,-0.14,-2.27,5.99,5.834,5.706,230765.26,191929.04,176818.93,2.15
2014-11-27,6.06,6.28,6.16,6.01,254584.56,0.17,2.84,5.958,5.788,5.681,243946.44,179072.22,171416.27,2.22
2014-11-26,5.94,6.15,5.99,5.91,250923.44,0.08,1.35,5.864,5.739,5.648,221270.74,171947.49,169872.49,2.19
2014-11-25,5.86,5.97,5.91,5.82,160502.05,0.04,0.68,5.796,5.701,5.616,194753.16,156444.94,162600.66,1.4
2014-11-24,5.93,5.95,5.87,5.8,241640.45,0.01,0.17,5.73,5.658,5.582,179587.91,156911.21,157446.22,2.11
2014-11-21,5.71,5.88,5.86,5.67,312081.69,0.17,2.99,5.678,5.634,5.543,153092.82,145185.45,147303.82,2.72
2014-11-20,5.61,5.73,5.69,5.59,141206.09,0.04,0.71,5.618,5.597,5.504,114198.0,132480.47,134361.95,1.23
2014-11-19,5.55,5.65,5.65,5.52,118335.54,0.07,1.25,5.614,5.589,5.473,122624.24,132221.15,133083.46,1.03
2014-11-18,5.6,5.6,5.58,5.51,84675.8,-0.03,-0.54,5.606,5.576,5.452,118136.72,138672.73,130907.19,0.74
2014-11-17,5.58,5.67,5.61,5.53,109165.0,0.05,0.9,5.586,5.583,5.442,134234.51,154073.07,131717.38,0.95
2014-11-14,5.6,5.67,5.56,5.49,117607.55,-0.11,-1.94,5.59,5.578,5.428,137278.07,161708.82,128997.74,1.03
2014-11-13,5.58,5.68,5.67,5.47,183337.31,0.06,1.07,5.576,5.574,5.412,150762.95,163760.33,128904.36,1.6
2014-11-12,5.44,5.63,5.61,5.43,95897.93,0.13,2.37,5.564,5.557,5.398,141818.07,167797.49,124470.36,0.84
2014-11-11,5.66,5.69,5.48,5.38,165164.77,-0.15,-2.66,5.546,5.53,5.389,159208.75,168756.37,123958.48,1.44
2014-11-10,5.53,5.64,5.63,5.46,124382.8,0.14,2.55,5.58,5.505,5.386,173911.63,157981.23,120432.83,1.08
2014-11-07,5.6,5.73,5.49,5.46,185031.94,-0.12,-2.14,5.566,5.452,5.376,186139.57,149422.18,119939.92,1.61
2014-11-06,5.51,5.63,5.61,5.49,138612.91,0.09,1.63,5.572,5.411,5.377,176757.7,136243.42,116612.38,1.21
2014-11-05,5.74,5.79,5.52,5.51,182851.31,-0.13,-2.3,5.55,5.356,5.376,193776.92,133945.76,116331.38,1.59
2014-11-04,5.56,5.7,5.65,5.51,238679.17,0.09,1.62,5.514,5.328,5.38,178303.99,123141.65,113540.94,2.08
2014-11-03,5.52,5.64,5.56,5.46,185522.5,0.04,0.72,5.43,5.301,5.374,142050.84,109361.7,107913.11,1.62
2014-10-31,5.49,5.54,5.52,5.42,138122.62,0.02,0.36,5.338,5.277,5.373,112704.8,96286.67,103991.65,1.2
2014-10-30,5.33,5.52,5.5,5.31,223708.98,0.16,3.0,5.25,5.25,5.371,95729.14,94048.4,101731.78,1.95
2014-10-29,5.25,5.39,5.34,5.25,105486.7,0.11,2.1,5.162,5.239,5.373,74114.6,81143.23,97075.07,0.92
2014-10-28,5.1,5.23,5.23,5.1,57413.38,0.13,2.55,5.142,5.248,5.384,67979.31,79160.6,98507.74,0.5
2014-10-27,5.07,5.1,5.1,5.03,38792.32,0.02,0.39,5.172,5.267,5.396,76672.56,82884.43,102371.31,0.34
2014-10-24,5.06,5.1,5.08,5.04,53244.34,0.02,0.4,5.216,5.3,5.412,79868.54,90457.67,105994.35,0.46
2014-10-23,5.2,5.24,5.06,5.0,115636.28,-0.18,-3.44,5.25,5.342,5.44,92367.65,96981.33,111781.06,1.01
2014-10-22,5.4,5.4,5.24,5.19,74810.24,-0.14,-2.6,5.316,5.395,5.468,88171.86,98716.99,115416.79,0.65
2014-10-21,5.33,5.46,5.38,5.3,100879.61,0.06,1.13,5.354,5.431,5.48,90341.89,103940.22,122381.57,0.88
2014-10-20,5.23,5.34,5.32,5.23,54772.23,0.07,1.33,5.362,5.447,5.487,89096.31,106464.53,138078.5,0.48
2014-10-17,5.38,5.42,5.25,5.2,115739.88,-0.14,-2.6,5.384,5.468,5.49,101046.79,111696.63,143053.05,1.01
2014-10-16,5.38,5.48,5.39,5.37,94657.33,-0.04,-0.74,5.434,5.492,5.495,101595.01,109415.17,146344.54,0.83
2014-10-15,5.42,5.45,5.43,5.35,85660.38,0.01,0.18,5.474,5.506,5.487,109262.13,113006.92,148791.0,0.75
2014-10-14,5.4,5.49,5.42,5.38,94651.73,-0.01,-0.18,5.508,5.519,5.477,117538.55,117854.88,149843.45,0.83
2014-10-13,5.44,5.46,5.43,5.37,114524.64,-0.07,-1.27,5.532,5.524,5.47,123832.75,121858.2,153988.13,1.0
2014-10-10,5.57,5.59,5.5,5.48,118480.95,-0.09,-1.61,5.552,5.524,5.458,122346.46,121531.04,152993.85,1.03
2014-10-09,5.61,5.64,5.59,5.49,132992.95,-0.01,-0.18,5.55,5.538,5.441,117235.33,126580.79,154414.33,1.16
2014-10-08,5.55,5.61,5.6,5.49,127042.47,0.06,1.08,5.538,5.54,5.417,116751.71,132116.59,154605.01,1.11
2014-09-30,5.6,5.63,5.54,5.52,126122.74,0.01,0.18,5.53,5.529,5.388,118171.21,140822.92,155216.99,1.1
2014-09-29,5.5,5.55,5.53,5.49,107093.19,0.04,0.73,5.516,5.527,5.357,119883.64,169692.47,151144.54,0.93
2014-09-26,5.49,5.55,5.49,5.45,92925.31,-0.04,-0.72,5.496,5.512,5.323,120715.62,174409.48,148753.34,0.81
2014-09-25,5.56,5.62,5.53,5.5,130574.82,-0.03,-0.54,5.526,5.497,5.297,135926.25,183273.91,146761.87,1.14
2014-09-24,5.46,5.61,5.56,5.4,134139.97,0.09,1.65,5.542,5.467,5.27,147481.47,184575.08,143994.06,1.17
2014-09-23,5.44,5.49,5.47,5.37,134684.91,0.04,0.74,5.528,5.435,5.247,163474.63,181832.01,141533.67,1.17
2014-09-22,5.6,5.64,5.43,5.43,111253.1,-0.21,-3.72,5.538,5.416,5.234,219501.31,186118.07,138507.63,0.97
2014-09-19,5.57,5.7,5.64,5.54,168978.44,0.03,0.54,5.528,5.391,5.225,228103.34,184456.66,139231.81,1.47
2014-09-18,5.43,5.68,5.61,5.4,188350.94,0.12,2.19,5.468,5.344,5.205,230621.57,182247.87,139249.26,1.64
2014-09-17,5.55,5.58,5.49,5.31,214105.77,-0.03,-0.54,5.392,5.293,5.18,221668.68,177093.43,135343.74,1.87
2014-09-16,5.39,5.84,5.52,5.35,414818.28,0.14,2.6,5.342,5.246,5.163,200189.39,169611.05,131294.16,3.62
2014-09-15,5.34,5.45,5.38,5.32,154263.27,0.04,0.75,5.294,5.186,5.139,152734.83,132596.62,115480.82,1.35
2014-09-12,5.21,5.34,5.34,5.18,181569.61,0.11,2.1,5.254,5.134,5.118,140809.98,123097.19,113956.41,1.58
2014-09-11,5.21,5.3,5.23,5.16,143586.48,-0.01,-0.19,5.22,5.097,5.099,133874.16,110249.82,117403.08,1.25
2014-09-10,5.26,5.26,5.24,5.18,106709.33,-0.04,-0.76,5.194,5.072,5.09,132518.18,103413.04,113472.84,0.93
2014-09-09,5.15,5.34,5.28,5.14,177545.45,0.1,1.93,5.15,5.058,5.078,139032.71,101235.33,110527.03,1.55
2014-09-05,5.18,5.2,5.18,5.11,94639.01,0.01,0.19,5.078,5.051,5.062,112458.4,90897.2,104189.87,0.83
2014-09-04,5.11,5.25,5.17,5.1,146890.52,0.07,1.37,5.014,5.059,5.049,105384.4,94006.97,104290.01,1.28
2014-09-03,5.02,5.14,5.1,4.98,136806.59,0.08,1.59,4.974,5.065,5.045,86625.49,96250.64,99510.34,1.19
2014-09-02,4.87,5.03,5.02,4.84,139281.97,0.1,2.03,4.95,5.066,5.044,74307.9,93594.05,96576.77,1.21
2014-08-29,4.85,4.93,4.92,4.83,44673.92,0.06,1.24,4.966,5.079,5.046,63437.94,92977.28,93801.08,0.39
2014-08-28,4.96,4.99,4.86,4.85,59269.02,-0.11,-2.21,5.024,5.091,5.047,69336.0,98365.03,97381.62,0.52
2014-08-27,4.98,5.01,4.97,4.94,53095.95,-0.01,-0.2,5.104,5.102,5.059,82629.53,104815.63,97508.73,0.46
2014-08-26,5.07,5.14,4.98,4.96,75218.66,-0.12,-2.35,5.156,5.1,5.068,105875.8,124556.34,100895.81,0.66
2014-08-25,5.21,5.22,5.1,5.09,84932.16,-0.11,-2.11,5.182,5.108,5.072,112880.19,123532.64,103510.3,0.74
2014-08-22,5.24,5.26,5.21,5.15,74164.19,-0.05,-0.95,5.192,5.097,5.072,122516.62,119818.73,108983.93,0.65
2014-08-21,5.21,5.32,5.26,5.15,125736.68,0.03,0.57,5.158,5.072,5.057,127394.07,117482.54,113341.0,1.1
2014-08-20,5.12,5.28,5.23,5.08,169327.3,0.12,2.35,5.1,5.039,5.031,127001.74,114573.05,111728.97,1.48
2014-08-19,5.16,5.17,5.11,5.05,110240.64,-0.04,-0.78,5.044,5.024,5.0,143236.88,102770.04,107295.75,0.96
2014-08-18,5.04,5.15,5.15,5.03,133114.27,0.11,2.18,5.034,5.022,4.972,134185.09,99559.5,104210.05,1.16
2014-08-15,4.96,5.08,5.04,4.94,98551.46,0.07,1.41,5.002,5.012,4.938,117120.85,94624.88,100027.84,0.86
2014-08-14,4.96,5.02,4.97,4.91,123775.01,0.02,0.4,4.986,5.002,4.91,107571.0,96398.21,97852.55,1.08
2014-08-13,5.06,5.19,4.95,4.92,250503.03,-0.11,-2.17,4.978,5.015,4.884,102144.37,90201.84,95181.12,2.18
2014-08-12,5.0,5.06,5.06,4.96,64981.7,0.07,1.4,5.004,5.035,4.864,62303.2,77235.29,86523.26,0.57
2014-08-11,4.97,5.02,4.99,4.94,47793.03,0.03,0.6,5.01,5.035,4.844,64933.9,83487.96,86168.77,0.42
2014-08-08,4.9,4.98,4.96,4.89,50802.24,0.03,0.61,5.022,5.046,4.827,72128.91,98149.13,88073.8,0.44
2014-08-07,5.06,5.09,4.93,4.92,96641.83,-0.15,-2.95,5.018,5.042,4.805,85225.41,109199.47,88887.39,0.84
2014-08-06,5.07,5.1,5.08,5.0,51297.22,-0.01,-0.2,5.052,5.022,4.786,78259.3,108884.88,89728.51,0.45
2014-08-05,5.04,5.15,5.09,5.0,78135.19,0.04,0.79,5.066,4.975,4.751,92167.37,111821.45,90046.68,0.68
2014-08-04,4.95,5.08,5.05,4.91,83768.07,0.11,2.23,5.06,4.921,4.721,102042.02,108860.59,89139.34,0.73
2014-08-01,5.07,5.09,4.94,4.92,116284.74,-0.16,-3.14,5.07,4.864,4.688,124169.35,105430.81,86820.53,1.01
2014-07-31,5.09,5.15,5.1,5.07,61811.3,-0.05,-0.97,5.066,4.818,4.663,133173.54,99306.9,82870.92,0.54
2014-07-30,5.0,5.19,5.15,4.96,120837.53,0.09,1.78,4.992,4.752,4.63,139510.46,100160.4,82267.28,1.05
2014-07-29,5.06,5.1,5.06,4.97,127508.48,-0.04,-0.78,4.884,4.693,4.596,131475.54,95811.24,80218.69,1.11
2014-07-28,4.92,5.14,5.1,4.85,194404.7,0.18,3.66,4.782,4.653,4.563,115679.16,88849.58,77207.26,1.7
2014-07-25,4.73,4.93,4.92,4.66,161305.67,0.19,4.02,4.658,4.607,4.523,86692.26,77998.47,69828.83,1.41
2014-07-24,4.6,4.75,4.73,4.6,93495.94,0.12,2.6,4.57,4.567,4.491,65440.27,68575.3,64345.65,0.82
2014-07-23,4.55,4.7,4.61,4.52,80662.89,0.06,1.32,4.512,4.55,4.466,60810.34,70572.14,61480.12,0.7
2014-07-22,4.48,4.58,4.55,4.48,48526.62,0.07,1.56,4.502,4.527,4.446,60146.94,68271.9,58809.45,0.42
2014-07-21,4.47,4.55,4.48,4.47,49470.19,0.0,0.0,4.524,4.52,4.43,62019.99,69418.08,57686.66,0.43
2014-07-18,4.41,4.54,4.48,4.4,55045.71,0.04,0.9,4.556,4.511,4.418,69304.68,68210.26,56882.06,0.48
2014-07-17,4.53,4.56,4.44,4.42,70346.28,-0.12,-2.63,4.564,4.508,4.404,71710.33,66434.94,55447.33,0.61
2014-07-16,4.58,4.64,4.56,4.51,77345.91,0.01,0.22,4.588,4.508,4.391,80333.94,64374.16,54637.26,0.67
2014-07-15,4.66,4.71,4.66,4.6,57891.84,0.02,0.43,4.552,4.499,4.377,76396.86,64626.14,54892.34,0.5
2014-07-14,4.53,4.71,4.64,4.52,85893.68,0.12,2.65,4.516,4.472,4.364,76816.17,65564.95,54069.02,0.75
2014-07-11,4.56,4.59,4.52,4.5,67073.95,-0.04,-0.88,4.466,4.439,4.356,67115.83,61659.19,52165.38,0.59
2014-07-10,4.4,4.56,4.56,4.37,113464.34,0.18,4.11,4.452,4.415,4.353,61159.54,60116.0,52734.52,0.99
2014-07-09,4.47,4.5,4.38,4.36,57660.48,-0.1,-2.23,4.428,4.382,4.349,48414.37,52388.1,50974.14,0.5
2014-07-08,4.39,4.48,4.48,4.38,59988.39,0.09,2.05,4.446,4.364,4.351,52855.42,49347.01,50586.13,0.52
2014-07-07,4.47,4.48,4.39,4.38,37391.99,-0.06,-1.35,4.428,4.339,4.348,54313.73,45955.25,51684.25,0.33
2014-07-04,4.44,4.48,4.45,4.42,37292.5,0.01,0.23,4.412,4.324,4.351,56202.55,45553.87,52908.71,0.33
2014-07-03,4.47,4.49,4.44,4.43,49738.49,-0.03,-0.67,4.378,4.299,4.353,59072.46,44459.73,54890.72,0.43
2014-07-02,4.38,4.49,4.47,4.36,79865.71,0.08,1.82,4.336,4.273,4.36,56361.82,44900.37,55752.27,0.7
2014-07-01,4.32,4.39,4.39,4.29,67279.95,0.08,1.86,4.282,4.254,4.366,45838.6,45158.55,60067.24,0.59
2014-06-30,4.28,4.35,4.31,4.26,46836.09,0.03,0.7,4.25,4.255,4.389,37596.76,42573.09,71196.72,0.41
2014-06-27,4.21,4.3,4.28,4.21,51642.08,0.05,1.18,4.236,4.272,4.434,34905.18,42671.58,84050.47,0.45
2014-06-26,4.2,4.24,4.23,4.18,36185.27,0.03,0.71,4.22,4.291,4.468,29846.99,45353.03,89737.99,0.32
2014-06-25,4.22,4.22,4.2,4.17,27249.62,-0.03,-0.71,4.21,4.316,4.503,33438.91,49560.18,93516.26,0.24
2014-06-24,4.24,4.24,4.23,4.19,26070.76,-0.01,-0.24,4.226,4.337,4.538,44478.49,51825.24,95920.75,0.23
2014-06-23,4.2,4.24,4.24,4.17,33378.18,0.04,0.95,4.26,4.357,4.573,47549.41,57413.26,98901.35,0.29
2014-06-20,4.19,4.2,4.2,4.14,26351.12,0.02,0.48,4.308,4.377,4.603,50437.98,60263.55,101639.54,0.3
2014-06-19,4.26,4.3,4.18,4.12,54144.88,-0.1,-2.34,4.362,4.407,4.636,60859.07,65321.72,107004.36,0.62
2014-06-18,4.4,4.41,4.28,4.26,82447.52,-0.12,-2.73,4.422,4.447,4.663,65681.44,66604.18,107753.15,0.94
2014-06-17,4.48,4.48,4.4,4.39,41425.34,-0.08,-1.79,4.448,4.477,4.682,59171.99,74975.94,107289.98,0.47
2014-06-16,4.48,4.5,4.48,4.45,47821.03,0.01,0.22,4.454,4.522,4.696,67277.11,99820.35,109954.57,0.55
2014-06-13,4.47,4.54,4.47,4.44,78456.57,-0.01,-0.22,4.446,4.595,4.707,70089.12,125429.37,110040.67,0.9
2014-06-12,4.4,4.52,4.48,4.38,78256.76,0.07,1.59,4.452,4.645,4.716,69784.37,134122.95,109211.41,0.9
2014-06-11,4.42,4.43,4.41,4.38,49900.26,-0.02,-0.45,4.472,4.69,4.718,67526.92,137472.34,106709.18,0.57
2014-06-10,4.44,4.46,4.43,4.35,81950.91,-0.01,-0.23,4.506,4.738,4.723,90779.88,140016.25,105388.55,0.94
2014-06-09,4.49,4.52,4.44,4.42,61881.11,-0.06,-1.33,4.59,4.788,4.73,132363.59,140389.44,102517.17,0.71
2014-06-06,4.59,4.6,4.5,4.48,76932.79,-0.08,-1.75,4.744,4.829,4.739,180769.61,143015.52,100875.58,0.88
2014-06-05,4.58,4.61,4.58,4.49,66969.52,0.0,0.0,4.838,4.865,4.743,198461.54,148687.0,98461.07,0.77
2014-06-04,4.72,4.75,4.58,4.54,166165.09,-0.27,-5.57,4.908,4.878,4.745,207417.77,148902.12,97066.82,1.9
2014-06-03,4.7,4.97,4.85,4.69,289869.44,-0.36,-6.91,4.97,4.887,4.745,189252.62,139604.01,90239.95,3.32
2014-02-25,4.97,5.34,5.21,4.88,303911.22,0.24,4.83,4.986,4.87,4.732,148415.28,120088.8,77662.04,3.48
2014-02-24,4.9,5.04,4.97,4.82,165392.45,0.04,0.81,4.914,4.818,4.696,105261.43,94651.98,63627.26,1.89
2014-02-21,4.9,4.95,4.93,4.81,111750.63,0.04,0.82,4.892,4.787,4.671,98912.46,84299.86,56648.67,1.28
2014-02-20,4.94,4.98,4.89,4.86,75339.34,-0.04,-0.81,4.848,4.746,4.65,90386.48,75946.02,53533.59,0.86
2014-02-19,4.84,4.96,4.93,4.82,85682.76,0.08,1.65,4.804,4.708,4.638,89955.41,70760.86,52859.31,0.98
2014-02-18,4.84,4.9,4.85,4.81,88141.99,-0.01,-0.21,4.754,4.672,4.625,91762.31,64644.91,53839.77,1.01
2014-02-17,4.71,4.95,4.86,4.68,133647.59,0.15,3.19,4.722,4.649,4.627,84042.52,58735.63,55366.19,1.53
2014-02-14,4.66,4.71,4.71,4.64,69120.71,0.04,0.86,4.682,4.62,4.621,69687.26,48235.13,54002.06,0.79
2014-02-13,4.65,4.69,4.67,4.6,73183.99,-0.01,-0.21,4.644,4.611,4.641,61505.57,45231.51,53473.84,0.84
2014-02-12,4.69,4.73,4.68,4.62,94717.28,-0.01,-0.21,4.612,4.602,4.663,51566.31,40875.89,52357.07,1.09
2014-02-11,4.66,4.73,4.69,4.63,49543.04,0.03,0.64,4.59,4.593,4.682,37527.52,35235.29,49083.5,0.57
2014-02-10,4.51,4.67,4.66,4.5,61871.27,0.14,3.1,4.576,4.573,4.701,33428.74,32602.53,47786.88,0.71
2014-02-07,4.48,4.52,4.52,4.44,28212.25,0.01,0.22,4.558,4.554,4.719,26783.01,28997.48,46666.64,0.32
2014-01-30,4.56,4.57,4.51,4.45,23487.7,-0.06,-1.31,4.578,4.554,4.747,28957.46,31121.15,46213.91,0.27
2014-01-29,4.62,4.66,4.57,4.55,24523.32,-0.05,-1.08,4.592,4.568,4.778,30185.47,34957.75,46130.96,0.28
2014-01-28,4.57,4.65,4.62,4.55,29049.16,0.05,1.09,4.596,4.578,4.806,32943.06,43034.62,47687.87,0.33
2014-01-27,4.61,4.61,4.57,4.54,28642.61,-0.05,-1.08,4.57,4.605,4.83,31776.33,51996.74,47336.86,0.33
2014-01-24,4.55,4.63,4.62,4.54,39084.51,0.04,0.87,4.55,4.621,4.857,31211.95,59768.99,47758.9,0.45
2014-01-23,4.58,4.63,4.58,4.57,29627.74,-0.01,-0.22,4.53,4.67,4.877,33284.84,61716.16,48175.97,0.34
2014-01-22,4.5,4.61,4.59,4.47,38311.3,0.1,2.23,4.544,4.723,4.907,39730.04,63838.26,47916.39,0.44
2014-01-21,4.43,4.52,4.49,4.43,23215.47,0.02,0.45,4.56,4.771,4.935,53126.18,62931.71,47333.3,0.27
2014-01-20,4.5,4.53,4.47,4.45,25820.75,-0.05,-1.11,4.64,4.828,4.967,72217.15,62971.23,47584.85,0.3
2014-01-17,4.63,4.63,4.52,4.5,49448.96,-0.13,-2.8,4.692,4.883,5.002,88326.03,64335.81,47883.4,0.57
2014-01-16,4.64,4.68,4.65,4.59,61853.71,-0.02,-0.43,4.81,4.939,5.04,90147.48,61306.67,46619.75,0.71
2014-01-15,4.82,4.85,4.67,4.6,105291.99,-0.22,-4.5,4.902,4.988,5.075,87946.49,57304.17,44883.23,1.21
2014-01-14,4.68,5.02,4.89,4.61,118670.36,0.16,3.38,4.982,5.033,5.109,72737.24,52341.11,41368.78,1.36
2014-01-13,4.97,4.97,4.73,4.61,106365.14,-0.38,-7.44,5.016,5.055,5.135,53725.3,42676.97,37546.95,1.22
2014-01-10,5.11,5.16,5.11,5.04,58556.22,0.0,0.0,5.074,5.092,5.174,40345.58,35748.8,34252.98,0.67
2014-01-09,5.06,5.17,5.11,5.06,50848.72,0.04,0.79,5.068,5.084,5.193,32465.85,34635.77,32809.49,0.58
2014-01-08,5.07,5.1,5.07,5.03,29245.77,0.01,0.2,5.074,5.091,5.212,26661.86,31994.52,32294.7,0.34
2014-01-07,5.02,5.07,5.06,5.0,23610.65,0.04,0.8,5.084,5.099,5.237,31944.98,31734.88,32496.06,0.27
2014-01-06,5.12,5.12,5.02,5.01,39466.56,-0.06,-1.18,5.094,5.105,5.263,31628.65,32198.47,33559.82,0.45
2014-01-03,5.13,5.14,5.08,5.05,19157.53,-0.06,-1.17,5.11,5.121,5.291,31152.02,31430.99,33860.57,0.22
2014-01-02,5.08,5.14,5.14,5.07,21828.8,0.02,0.39,5.1,5.14,5.32,36805.69,31932.84,35951.65,0.25
2013-12-31,5.09,5.15,5.12,5.01,55661.37,0.01,0.2,5.108,5.162,5.343,37327.17,32462.29,38363.69,0.64
2013-12-30,5.11,5.12,5.11,5.06,22028.98,0.01,0.2,5.114,5.184,5.365,31524.79,30396.45,37509.25,0.25
2013-12-27,5.02,5.1,5.1,5.02,37083.42,0.07,1.39,5.116,5.214,5.384,32768.3,32416.94,39980.31,0.42
2013-12-26,5.19,5.19,5.03,5.01,47425.89,-0.15,-2.9,5.132,5.255,5.416,31709.96,32757.15,40179.67,0.54
2013-12-25,5.15,5.2,5.18,5.14,24436.2,0.03,0.58,5.18,5.301,5.452,27059.99,30983.2,41530.59,0.28
2013-12-24,5.14,5.22,5.15,5.1,26649.44,0.03,0.59,5.216,5.333,5.477,27597.42,32594.89,47269.75,0.31
2013-12-23,5.22,5.22,5.12,5.1,28246.53,-0.06,-1.16,5.254,5.375,5.51,29268.1,33257.24,51764.65,0.32
2013-12-20,5.29,5.3,5.18,5.16,31791.76,-0.09,-1.71,5.312,5.421,5.548,32065.57,34921.17,56964.34,0.36
2013-12-19,5.37,5.39,5.27,5.24,24176.01,-0.09,-1.68,5.378,5.461,5.583,33804.34,36290.14,60675.81,0.28
2013-12-18,5.34,5.42,5.36,5.32,27123.34,0.02,0.38,5.422,5.499,5.616,34906.41,39970.46,65762.89,0.31
2013-12-17,5.45,5.45,5.34,5.33,35002.88,-0.07,-1.29,5.45,5.523,5.638,37592.36,44265.08,68848.03,0.4
2013-12-16,5.51,5.53,5.41,5.4,42233.88,-0.1,-1.81,5.496,5.546,5.654,37246.37,44622.06,69328.28,0.48
2013-12-13,5.47,5.57,5.51,5.46,40485.6,0.02,0.36,5.53,5.554,5.668,37776.76,47543.69,69122.94,0.46
2013-12-12,5.47,5.53,5.49,5.46,29686.37,-0.01,-0.18,5.544,5.576,5.669,38775.94,47602.19,68978.31,0.34
2013-12-11,5.58,5.6,5.5,5.46,40553.05,-0.07,-1.26,5.576,5.602,5.666,45034.52,52077.97,68711.21,0.46
2013-12-10,5.58,5.62,5.57,5.55,33272.97,-0.01,-0.18,5.596,5.621,5.664,50937.81,61944.62,68556.67,0.38
2013-12-09,5.6,5.62,5.58,5.5,44885.83,0.0,0.0,5.596,5.644,5.67,51997.75,70272.07,67883.14,0.51
2013-12-06,5.66,5.68,5.58,5.55,45481.49,-0.07,-1.24,5.578,5.674,5.671,57310.62,79007.51,66924.56,0.52
2013-12-05,5.6,5.76,5.65,5.6,60979.24,0.05,0.89,5.608,5.704,5.672,56428.44,85061.48,66072.41,0.7
2013-12-04,5.57,5.65,5.6,5.5,70069.54,0.03,0.54,5.628,5.732,5.671,59121.43,91555.32,65096.57,0.8
2013-12-03,5.49,5.59,5.57,5.45,38572.63,0.08,1.46,5.646,5.752,5.678,72951.43,93430.98,63522.55,0.44
2013-12-02,5.68,5.68,5.49,5.4,71450.21,-0.24,-4.19,5.692,5.762,5.688,88546.39,94034.5,63630.58,0.82
2013-11-29,5.75,5.77,5.73,5.71,41070.6,-0.02,-0.35,5.77,5.781,5.702,100704.39,90702.2,61449.4,0.47
2013-11-28,5.74,5.82,5.75,5.66,74444.18,0.06,1.05,5.8,5.762,5.703,113694.52,90354.42,60989.15,0.85
2013-11-27,5.75,5.79,5.69,5.63,139219.52,-0.11,-1.9,5.836,5.73,5.7,123989.21,85344.45,59377.07,1.59
2013-11-26,5.91,6.05,5.8,5.76,116547.43,-0.08,-1.36,5.858,5.707,5.706,113910.53,75168.72,56416.98,1.34
2013-11-25,5.88,5.97,5.88,5.81,132240.22,0.0,0.0,5.832,5.695,5.698,99522.61,65494.21,53065.22,1.51
2013-11-22,5.91,5.93,5.88,5.85,106021.24,-0.05,-0.84,5.792,5.668,5.691,80700.0,54841.61,48672.49,1.21
2013-11-21,5.8,5.94,5.93,5.71,125917.65,0.13,2.24,5.724,5.64,5.692,67014.32,47083.35,45783.43,1.44
2013-11-20,5.69,5.81,5.8,5.62,88826.09,0.13,2.29,5.624,5.61,5.696,46699.69,38637.82,42246.45,1.02
2013-11-19,5.68,5.7,5.67,5.61,44607.83,-0.01,-0.18,5.556,5.604,5.715,36426.91,33614.13,40594.31,0.51
2013-11-18,5.54,5.7,5.68,5.54,38127.21,0.14,2.53,5.558,5.613,5.745,31465.81,33226.67,41926.85,0.44
2013-11-15,5.44,5.6,5.54,5.41,37592.8,0.11,2.03,5.544,5.622,5.774,28983.22,32196.6,43559.41,0.43
2013-11-14,5.44,5.49,5.43,5.36,24344.54,-0.03,-0.55,5.556,5.644,5.806,27152.37,31623.89,43746.12,0.28
2013-11-13,5.66,5.66,5.46,5.45,37462.17,-0.22,-3.87,5.596,5.669,5.846,30575.94,33409.69,46475.41,0.43
2013-11-12,5.6,5.68,5.68,5.6,19802.34,0.07,1.25,5.652,5.704,5.883,30801.35,37665.24,49787.35,0.23
2013-11-11,5.58,5.66,5.61,5.56,25714.25,0.01,0.18,5.668,5.7,5.919,34987.53,40636.22,58067.14,0.29
2013-11-08,5.61,5.68,5.6,5.54,28438.57,-0.03,-0.53,5.7,5.714,5.948,35409.98,42503.38,60410.23,0.33
2013-11-07,5.74,5.74,5.63,5.61,41462.38,-0.11,-1.92,5.732,5.744,5.978,36095.41,44483.52,61482.27,0.47
2013-11-06,5.76,5.84,5.74,5.7,38589.19,-0.02,-0.35,5.742,5.782,6.005,36243.44,45855.08,61924.5,0.44
2013-11-05,5.77,5.77,5.76,5.63,40733.24,-0.01,-0.17,5.756,5.826,6.031,44529.12,47574.49,63308.63,0.47
2013-11-04,5.7,5.83,5.77,5.7,27826.53,0.01,0.17,5.732,5.876,6.056,46284.92,50627.03,64116.5,0.32
2013-11-01,5.65,5.77,5.76,5.63,31865.69,0.08,1.41,5.728,5.925,6.081,49596.77,54922.22,66666.6,0.37
2013-10-31,5.79,5.83,5.68,5.64,42202.54,-0.13,-2.24,5.756,5.968,6.091,52871.64,55868.35,67228.53,0.48
2013-10-30,5.64,5.93,5.81,5.62,80017.62,0.17,3.01,5.822,6.022,6.103,55466.72,59541.13,67719.6,0.92
2013-10-29,5.75,5.87,5.64,5.48,49512.21,-0.11,-1.91,5.896,6.061,6.114,50619.86,61909.46,67214.4,0.57
2013-10-28,5.9,5.95,5.75,5.7,44385.8,-0.15,-2.54,6.02,6.138,6.14,54969.14,75498.05,67964.17,0.51
2013-10-25,6.0,6.1,5.9,5.84,48240.01,-0.11,-1.83,6.122,6.181,6.166,60247.66,78317.09,68710.46,0.55
2013-10-24,6.19,6.2,6.01,6.0,55177.96,-0.17,-2.75,6.18,6.211,6.181,58865.06,78481.01,68238.87,0.63
2013-10-23,6.26,6.34,6.18,6.15,55783.31,-0.08,-1.28,6.222,6.227,6.189,63615.53,77993.91,68785.64,0.64
2013-10-22,6.28,6.34,6.26,6.24,71258.61,0.0,0.0,6.226,6.236,6.199,73199.06,79042.76,69042.8,0.82
2013-10-21,6.16,6.32,6.26,6.13,70778.4,0.07,1.13,6.256,6.236,6.209,96026.96,77605.98,72940.47,0.81
2013-10-18,6.22,6.26,6.19,6.15,41327.02,-0.03,-0.48,6.24,6.236,6.213,96386.53,78410.98,75360.68,0.47
2013-10-17,6.24,6.37,6.22,6.21,78930.32,0.02,0.32,6.242,6.214,6.232,98096.96,78588.72,85368.42,0.9
2013-10-16,6.35,6.37,6.2,6.11,103700.93,-0.21,-3.28,6.232,6.183,6.219,92372.29,75898.07,85106.9,1.19
2013-10-15,6.2,6.74,6.41,6.17,185398.12,0.23,3.72,6.246,6.167,6.201,84886.47,72519.34,83161.9,2.12
2013-10-14,6.2,6.28,6.18,6.15,72576.24,-0.02,-0.32,6.216,6.142,6.166,59185.0,60430.29,76239.68,0.83
2013-10-11,6.23,6.26,6.2,6.17,49879.2,0.03,0.49,6.232,6.151,6.145,60435.43,59103.83,74906.33,0.57
2013-10-10,6.25,6.27,6.17,6.14,50306.96,-0.1,-1.59,6.186,6.151,6.128,59080.47,57996.74,74617.82,0.58
2013-10-09,6.26,6.28,6.27,6.12,66271.83,0.01,0.16,6.134,6.151,6.11,59423.85,59577.38,74710.64,0.76
2013-10-08,6.26,6.31,6.26,6.18,56890.78,0.0,0.0,6.088,6.161,6.085,60152.2,59042.83,74360.79,0.65
2013-09-30,6.02,6.35,6.26,6.02,78828.37,0.29,4.86,6.068,6.182,6.065,61675.57,68274.96,73958.47,0.9
2013-09-27,5.88,5.99,5.97,5.88,43104.4,0.06,1.01,6.07,6.19,6.051,57772.24,72310.38,72229.21,0.49
2013-09-26,6.03,6.03,5.91,5.88,52023.86,-0.13,-2.15,6.116,6.249,6.057,56913.0,92148.12,72448.91,0.6
2013-09-25,6.15,6.2,6.04,6.03,69913.6,-0.12,-1.95,6.168,6.254,6.067,59730.9,94315.74,71861.82,0.8
2013-09-24,6.26,6.32,6.16,6.1,64507.62,-0.11,-1.75,6.234,6.234,6.07,57933.46,93804.47,70697.44,0.74
2013-09-23,6.22,6.27,6.27,6.17,59311.7,0.07,1.13,6.296,6.189,6.064,74874.34,92049.08,70455.95,0.68
2013-09-18,6.17,6.25,6.2,6.1,38808.24,0.03,0.49,6.31,6.139,6.055,86848.52,90708.84,69901.3,0.44
2013-09-17,6.37,6.42,6.17,6.13,66113.35,-0.2,-3.14,6.382,6.105,6.042,127383.24,91238.91,69586.67,0.76
2013-09-16,6.47,6.55,6.37,6.32,60926.4,-0.1,-1.55,6.34,6.068,6.033,128900.57,89843.91,68447.76,0.7
2013-09-13,6.31,6.74,6.47,6.31,149212.02,0.13,2.05,6.234,6.008,6.015,129675.47,89678.75,69869.21,1.71
2013-09-12,6.53,6.53,6.34,6.33,119182.58,-0.22,-3.35,6.082,5.947,5.982,109223.82,79641.99,67705.08,1.37
2013-09-11,5.98,6.56,6.56,5.97,241481.84,0.6,10.07,5.968,5.911,5.955,94569.15,72148.05,65206.73,2.77
2013-09-10,5.86,5.96,5.96,5.83,73700.02,0.12,2.06,5.828,5.864,5.926,55094.57,52749.71,57057.13,0.84
2013-09-09,5.72,5.85,5.84,5.71,64800.89,0.13,2.28,5.796,5.88,5.935,50787.25,49407.91,60293.48,0.74
2013-09-06,5.74,5.79,5.71,5.69,46953.76,-0.06,-1.04,5.782,5.906,5.944,49682.02,47590.41,66520.11,0.54
2013-09-05,5.89,5.91,5.77,5.76,45909.25,-0.09,-1.54,5.812,5.938,5.941,50060.17,48862.82,67301.34,0.53
2013-09-04,5.8,5.88,5.86,5.78,44108.95,0.06,1.03,5.854,5.97,5.932,49726.94,49093.76,67704.07,0.51
2013-09-03,5.77,5.87,5.8,5.73,52163.38,0.03,0.52,5.9,5.979,5.918,50404.84,47934.44,70197.83,0.6
2013-09-02,5.86,5.92,5.77,5.61,59274.78,-0.09,-1.54,5.964,5.997,5.908,48028.56,47051.62,71489.12,0.68
2013-08-30,6.01,6.02,5.86,5.84,48844.48,-0.12,-2.01,6.03,6.021,5.898,45498.79,50059.67,71561.79,0.56
2013-08-29,6.08,6.09,5.98,5.97,44243.12,-0.11,-1.81,6.064,6.017,5.88,47665.47,55768.16,72174.63,0.51
2013-08-28,6.1,6.11,6.09,6.02,47498.43,-0.03,-0.49,6.086,5.999,5.853,48460.57,58265.41,73651.03,0.54
2013-08-27,6.11,6.17,6.12,6.06,40282.01,0.02,0.33,6.058,5.987,5.818,45464.04,61364.55,73544.36,0.46
2013-08-26,6.02,6.14,6.1,5.96,46625.91,0.07,1.16,6.03,5.989,5.787,46074.67,71179.06,74402.54,0.53
2013-08-23,6.14,6.15,6.03,5.84,59677.87,-0.06,-0.98,6.012,5.982,5.747,54620.56,85449.81,74164.95,0.68
2013-08-22,5.92,6.12,6.09,5.92,48218.65,0.14,2.35,5.97,5.943,5.713,63870.85,85739.87,73782.43,0.55
2013-08-21,5.97,5.98,5.95,5.88,32515.75,-0.03,-0.5,5.912,5.893,5.682,68070.24,86314.39,74749.12,0.37
2013-08-20,6.01,6.04,5.98,5.91,43335.19,-0.03,-0.5,5.916,5.857,5.659,77265.06,92461.22,76252.94,0.5
2013-08-19,5.73,6.08,6.01,5.69,89355.33,0.19,3.27,5.948,5.818,5.639,96283.44,95926.62,80181.35,1.02
2013-08-16,5.75,6.38,5.82,5.61,105929.31,0.02,0.34,5.952,5.774,5.616,116279.05,93063.9,78098.58,1.21
2013-08-15,5.94,5.98,5.8,5.78,69215.64,-0.17,-2.85,5.916,5.743,5.593,107608.89,88581.11,76284.96,0.79
2013-08-14,6.06,6.14,5.97,5.95,78489.85,-0.17,-2.77,5.874,5.706,5.591,104558.54,89036.65,76591.32,0.9
2013-08-13,5.95,6.28,6.14,5.93,138427.09,0.11,1.82,5.798,5.649,5.587,107657.37,85724.17,76294.47,1.59
2013-08-12,5.66,6.16,6.03,5.64,189333.38,0.39,6.92,5.688,5.585,5.581,95569.79,77626.02,72494.49,2.17
2013-08-09,5.61,5.64,5.64,5.55,62578.5,0.05,0.89,5.596,5.512,5.583,69848.74,62880.09,67807.31,0.72
2013-08-08,5.59,5.64,5.59,5.55,53963.87,0.0,0.0,5.57,5.483,5.605,69553.32,61825.0,75137.14,0.62
2013-08-07,5.56,5.74,5.59,5.54,93984.0,0.0,0.0,5.538,5.47,5.621,73514.75,63183.85,77498.96,1.08
2013-08-06,5.58,5.66,5.59,5.47,77989.19,0.02,0.36,5.5,5.461,5.609,63790.97,60044.66,75124.09,0.89
2013-08-05,5.51,5.62,5.57,5.46,60728.15,0.06,1.09,5.482,5.46,5.59,59682.25,64436.08,72795.03,0.7
2013-08-02,5.45,5.52,5.51,5.42,61101.39,0.08,1.47,5.428,5.457,5.574,55911.44,63133.27,72241.28,0.7
2013-08-01,5.39,5.52,5.43,5.38,73771.04,0.03,0.56,5.396,5.443,5.583,54096.67,63988.8,71721.73,0.85
2013-07-31,5.5,5.56,5.4,5.37,45365.06,-0.1,-1.82,5.402,5.475,5.595,52852.95,64145.99,71475.79,0.52
2013-07-30,5.35,5.53,5.5,5.23,57445.61,0.2,3.77,5.422,5.525,5.606,56298.36,66864.76,71073.44,0.66
2013-07-29,5.34,5.43,5.3,5.25,41874.08,-0.05,-0.94,5.438,5.576,5.62,69189.92,67362.96,69990.94,0.48
2013-07-26,5.45,5.47,5.35,5.31,52027.58,-0.11,-2.02,5.486,5.654,5.645,70355.11,72734.53,70412.91,0.6
2013-07-25,5.51,5.55,5.46,5.37,67552.41,-0.04,-0.73,5.49,5.727,5.662,73880.94,88449.29,70989.05,0.77
2013-07-24,5.51,5.54,5.5,5.4,62592.1,-0.08,-1.43,5.548,5.771,5.667,75439.03,91814.06,71070.43,0.72
2013-07-23,5.5,5.7,5.58,5.41,121903.42,0.04,0.72,5.628,5.757,5.68,77431.17,90203.51,70247.81,1.4
2013-07-22,5.37,5.55,5.54,5.3,47700.02,0.17,3.17,5.714,5.72,5.687,65536.0,81153.98,68369.53,0.55
2013-07-19,5.71,5.76,5.37,5.35,69656.73,-0.38,-6.61,5.822,5.691,5.7,75113.96,81349.3,69454.36,0.8
2013-07-18,5.89,5.89,5.75,5.68,75342.9,-0.15,-2.54,5.964,5.722,5.742,103017.65,79454.66,69916.17,0.86
2013-07-17,5.96,6.16,5.9,5.89,72552.78,-0.11,-1.83,5.994,5.715,5.775,108189.09,78805.58,70117.75,0.83
2013-07-16,6.0,6.06,6.01,5.9,62427.56,-0.07,-1.15,5.886,5.686,5.828,102975.85,75282.11,68225.8,0.72
2013-07-15,5.96,6.15,6.08,5.88,95589.83,0.0,0.0,5.726,5.664,5.879,96771.97,72618.92,67297.16,1.1
2013-07-12,6.15,6.38,6.08,5.98,209175.17,0.18,3.05,5.56,5.636,5.924,87584.64,68091.29,67797.36,2.4
2013-07-11,5.37,5.9,5.9,5.31,101200.13,0.54,10.07,5.48,5.596,5.98,55891.68,53528.82,61022.27,1.16
2013-07-10,5.19,5.38,5.36,5.16,46486.57,0.15,2.88,5.436,5.563,6.046,49422.07,50326.79,58949.04,0.53
2013-07-09,5.25,5.32,5.21,5.17,31408.13,-0.04,-0.76,5.486,5.603,6.165,47588.36,50292.12,59328.32,0.36
2013-07-08,5.58,5.58,5.25,5.23,49653.18,-0.43,-7.57,5.602,5.653,6.293,48465.88,55585.07,59926.93,0.57
2013-07-05,5.69,5.78,5.68,5.61,50710.38,0.0,0.0,5.712,5.708,6.425,48597.95,57559.42,59607.87,0.58
2013-07-04,5.57,5.73,5.68,5.46,68852.08,0.07,1.25,5.712,5.762,6.535,51165.96,60377.68,60157.0,0.79
2013-07-03,5.72,5.8,5.61,5.54,37318.05,-0.18,-3.11,5.69,5.835,6.652,51231.52,61429.93,60554.18,0.43
2013-07-02,5.8,5.83,5.79,5.7,35795.71,-0.01,-0.17,5.72,5.97,6.781,52995.87,61169.49,63550.02,0.41
2013-07-01,5.68,5.9,5.8,5.63,50313.53,0.12,2.11,5.704,6.094,6.915,62704.26,61975.41,69739.57,0.58
2013-06-28,5.4,5.7,5.68,5.15,63550.41,0.21,3.84,5.704,6.212,7.034,66520.9,67503.43,71128.13,0.73
2013-06-27,5.76,5.86,5.57,5.55,69179.88,-0.19,-3.3,5.812,6.363,7.155,69589.41,68515.73,73407.33,0.79
2013-06-26,5.71,5.82,5.76,5.62,46139.81,0.05,0.88,5.98,6.528,7.283,71628.33,67571.29,77738.0,0.53
2013-06-25,5.74,5.82,5.71,5.23,84337.68,-0.09,-1.55,6.22,6.727,7.408,69343.11,68364.53,84106.87,0.97
2013-06-24,6.22,6.28,5.8,5.75,69396.71,-0.42,-6.75,6.484,6.932,7.535,61246.55,64268.8,91751.42,0.79
2013-06-21,6.28,6.38,6.22,5.88,78892.96,-0.19,-2.96,6.72,7.141,7.639,68485.96,61656.32,95698.45,0.9
2013-06-20,6.9,6.91,6.41,6.3,79374.51,-0.55,-7.9,6.914,7.308,7.711,67442.05,59936.32,95355.9,0.91
2013-06-19,7.03,7.03,6.96,6.82,34713.67,-0.07,-1.0,7.076,7.469,7.768,63514.25,59678.44,95509.0,0.4
2013-06-18,7.0,7.03,7.03,6.83,43854.91,0.05,0.72,7.234,7.592,7.8,67385.95,65930.55,97611.88,0.5
2013-06-17,7.27,7.35,6.98,6.88,105593.73,-0.21,-2.92,7.38,7.735,7.826,67291.05,77503.73,98324.78,1.21
2013-06-14,7.24,7.36,7.19,7.08,73673.44,-0.03,-0.42,7.562,7.855,7.852,54826.68,74752.83,94904.05,0.84
2013-06-13,7.68,7.68,7.22,7.22,59735.51,-0.53,-6.84,7.702,7.947,7.865,52430.59,78298.94,94627.57,0.68
2013-06-07,7.8,7.8,7.75,7.49,54072.14,-0.01,-0.13,7.862,8.038,7.889,55842.62,87904.71,93861.83,0.62
2013-06-06,7.93,7.97,7.76,7.75,43380.41,-0.13,-1.65,7.95,8.089,7.887,64475.15,99849.21,94772.74,0.5
2013-06-05,7.94,8.03,7.89,7.85,43271.88,0.0,0.0,8.09,8.138,7.89,87716.41,119234.03,96528.15,0.5
2013-06-04,8.02,8.02,7.89,7.8,61693.01,-0.13,-1.62,8.148,8.137,7.894,94678.98,129740.59,102192.39,0.71
2013-06-03,8.2,8.25,8.02,8.0,76795.65,-0.17,-2.08,8.192,8.114,7.887,104167.28,130775.47,102869.6,0.88
2013-05-31,8.47,8.65,8.19,8.18,97234.8,-0.27,-3.19,8.214,8.067,7.874,119966.81,131339.57,103029.53,1.11
2013-05-30,8.23,8.51,8.46,8.18,159586.73,0.28,3.42,8.228,8.007,7.852,135223.28,129293.2,102701.19,1.83
2013-05-29,8.08,8.19,8.18,8.03,78084.73,0.07,0.86,8.186,7.916,7.813,150751.65,119145.84,97964.48,0.89
2013-05-28,8.08,8.13,8.11,7.85,109134.49,-0.02,-0.25,8.126,7.848,7.78,164802.2,115055.27,99956.85,1.25
2013-05-27,8.25,8.33,8.13,8.08,155793.3,-0.13,-1.57,8.036,7.783,7.755,157383.66,110956.2,99158.57,1.78
2013-05-24,8.21,8.35,8.26,8.1,173517.14,0.01,0.12,7.92,7.74,7.723,142712.34,99818.95,94049.38,1.99
2013-05-23,7.84,8.28,8.25,7.75,237228.59,0.37,4.7,7.786,7.685,7.678,123363.13,89696.27,88636.83,2.72
2013-05-22,7.67,7.9,7.88,7.62,148337.48,0.22,2.87,7.646,7.642,7.648,87540.03,73822.27,81135.29,1.7
2013-05-21,7.56,7.68,7.66,7.54,72041.8,0.11,1.46,7.57,7.65,7.633,65308.34,74644.2,80614.06,0.83
2013-05-20,7.64,7.67,7.55,7.54,82436.67,-0.04,-0.53,7.53,7.659,7.629,64528.74,74963.73,81326.8,0.94
2013-05-17,7.54,7.67,7.59,7.43,76771.1,0.04,0.53,7.56,7.68,7.628,56925.56,74719.49,80301.81,0.88
2013-05-16,7.5,7.55,7.55,7.35,58113.08,0.05,0.67,7.584,7.697,7.63,56029.42,76109.18,79777.58,0.67
2013-05-15,7.53,7.54,7.5,7.43,37179.05,0.04,0.54,7.638,7.71,7.626,60104.52,76783.12,82300.77,0.43
2013-05-14,7.69,7.69,7.46,7.46,68143.79,-0.24,-3.12,7.73,7.711,7.642,83980.05,84858.44,84932.97,0.78
2013-05-13,7.77,7.77,7.7,7.63,44420.77,-0.01,-0.13,7.788,7.727,7.67,85398.72,87360.95,88074.85,0.51
2013-05-10,7.85,7.85,7.71,7.69,72290.41,-0.11,-1.41,7.8,7.706,7.686,92513.41,88279.82,102457.04,0.83
2013-05-09,7.94,7.96,7.82,7.73,78488.57,-0.14,-1.76,7.81,7.671,7.692,96188.94,87577.38,112908.84,0.9
2013-05-08,7.75,8.1,7.96,7.64,156556.73,0.21,2.71,7.782,7.654,7.659,93461.72,88448.3,115553.34,1.79
2013-05-07,7.77,7.78,7.75,7.63,75237.14,-0.01,-0.13,7.692,7.616,7.623,85736.82,86583.92,118927.46,0.86
2013-05-06,7.8,7.82,7.76,7.6,79994.21,0.0,0.0,7.666,7.598,7.594,89323.18,87689.87,139762.23,0.92
2013-05-03,7.67,7.85,7.76,7.64,90668.05,0.08,1.04,7.612,7.575,7.575,84046.22,85884.13,151574.79,1.04
2013-05-02,7.46,7.7,7.68,7.45,64852.47,0.17,2.26,7.532,7.562,7.565,78965.82,83445.98,154780.4,0.74
2013-04-26,7.62,7.87,7.51,7.5,117932.24,-0.11,-1.44,7.526,7.541,7.558,83434.88,87818.43,159776.4,1.35
2013-04-25,7.5,7.64,7.62,7.3,93168.91,0.13,1.74,7.54,7.572,7.561,87431.02,85007.5,162237.82,1.07
2013-04-24,7.36,7.58,7.49,7.35,53609.45,0.13,1.77,7.53,7.613,7.558,86056.55,88788.75,166554.63,0.61
2013-04-23,7.6,7.64,7.36,7.35,65266.01,-0.29,-3.79,7.538,7.665,7.562,87722.04,116634.26,174084.31,0.75
2013-04-22,7.55,7.66,7.65,7.39,87197.77,0.07,0.92,7.592,7.713,7.576,87926.14,138240.3,181857.04,1.0
2013-04-19,7.57,7.78,7.58,7.5,137912.95,0.01,0.13,7.556,7.663,7.571,92201.98,142658.38,189138.52,1.58
2013-04-18,7.44,7.62,7.57,7.29,86296.59,0.04,0.53,7.604,7.63,7.57,82583.97,151271.0,193407.32,0.99
2013-04-17,7.57,7.69,7.53,7.33,61936.89,-0.1,-1.31,7.696,7.59,7.57,91520.95,191834.59,203144.66,0.71
2013-04-16,7.5,7.67,7.63,7.43,66286.5,0.16,2.14,7.792,7.574,7.574,145546.48,217265.44,217265.44,0.76
2013-04-15,7.75,7.75,7.47,7.45,108576.99,-0.35,-4.48,7.834,7.568,7.568,188554.46,234040.88,234040.88,1.24
2013-04-12,8.06,8.09,7.82,7.79,89822.89,-0.21,-2.62,7.77,7.58,7.58,193114.78,249723.86,249723.86,1.03
2013-04-11,8.08,8.25,8.03,7.93,130981.47,0.02,0.25,7.656,7.546,7.546,219958.03,272566.86,272566.86,1.5
2013-04-10,7.8,8.39,8.01,7.68,332064.56,0.17,2.17,7.484,7.465,7.465,292148.23,296164.42,296164.42,3.8
2013-04-09,7.15,7.87,7.84,7.15,281326.41,0.69,9.65,7.356,7.356,7.356,288984.39,288984.39,288984.39,3.22
2013-04-08,7.12,7.26,7.15,6.91,131378.55,-0.1,-1.38,7.235,7.235,7.235,290898.89,290898.89,290898.89,1.51
2013-04-03,7.09,7.29,7.25,6.82,224039.16,0.08,1.12,7.263,7.263,7.263,344072.34,344072.34,344072.34,2.57
2013-04-02,7.74,7.85,7.17,6.83,491932.47,-0.2,-2.71,7.27,7.27,7.27,404088.93,404088.93,404088.93,5.64
2013-04-01,7.37,7.37,7.37,7.02,316245.38,0.67,10.0,7.37,7.37,7.37,316245.38,316245.38,316245.38,3.62
